0.523179694940491
0
0
0
0
0
0
0
0
0
0
0.436690629116855
0
0
0
0
0
0
0
0
0
0
0.487841948277251
0
0
0
0
0
0
0
0
0
0
0.506847887783266
0
0
0
0
0
0
0
0
0
0
0.563160424341903
0
0
0
0
0
0
0
0
0
0
0.523414764333688
0
0
0
0
0
0
0
0
0
0
0.829955014459396
0
0
0
0
0
0
0
0
0
0
0.855539913694988
0
0
0
0
0
0
0
0
0
0
0.888639577733465
0
0
0
0
0
0
0
0
0
0
0.717021075391299
0.327385182077633
0
0
0
0
0
0
0
0
0
0
0.32466725098248
0
0
0
0
0
0
0
0
0
0
0.328496753152448
0
0
0
0
0
0
0
0
0
0
0.421963877753234
0
0
0
0
0
0
0
0
0
0
0.501771714023661
0
0
0
0
0
0
0
0
0
0
0.440142941874755
0
0
0
0
0
0
0
0
0
0
0.661571328332929
0
0
0
0
0
0
0
0
0
0
1.03987165479437
0
0
0
0
0
0
0
0
0
0
0.867563214663653
0
0
0
0
0
0
0
0
0
0
0.969350288621506
0.559650290050512
0
0
0
0
0
0
0
0
0
0
0.65098647201898
0
0
0
0
0
0
0
0
0
0
0.618877717013414
0
0
0
0
0
0
0
0
0
0
0.731191628008775
0
0
0
0
0
0
0
0
0
0
0.954212111422051
0
0
0
0
0
0
0
0
0
0
0.78388204755963
0
0
0
0
0
0
0
0
0
0
0.769650849873912
0
0
0
0
0
0
0
0
0
0
0.838420059692329
0
0
0
0
0
0
0
0
0
0
0.930291538293177
0
0
0
0
0
0
0
0
0
0
1.07025764213583
