-3.6499980423214
-11.7888506096169
-12.1896838059207
-11.6104218735289
-13.6043160580275
-13.8439420777605
-18.006698691302
-22.0503908254597
-26.5233269013949
-21.8359942414232
-14.739680916542
-3.27374694943559
-4.61438462262547
-16.5368552474927
-6.38421677372035
-17.1033355142445
-4.98039844743001
-15.4680719475918
-11.8430631495922
2.87366750313952
-22.701250568319
-11.0364439342287
-11.5030991967588
-38.4373441840352
-7.47550303464167
-16.3215116644647
-8.85278229168945
-27.2268481473034
3.67478868469354
1.17287977277383
-6.45844258107472
-17.1958243624911
-27.7195690727911
6.88257450180005
5.14127159274387
-16.1448550967377
-0.726886320287888
-12.0063751616223
-19.0799394218384
-15.7477390437187
-13.0862073465044
-16.5994677752927
-14.7681222198841
6.94137718526315
-16.6335148461132
-12.5224219626882
-16.0836608618869
2.04190385501729
-1.61399901755535
6.66071123454904
-25.0357376354491
-4.26636518082153
-37.6968203553051
-0.0956823395306732
-30.2685642756859
4.07984356292728
-10.1955384856986
3.42884980593936
0.549860250971475
-24.7273852205341
-29.6322799920299
3.20661394814431
3.2017775473734
-2.41333707745239
6.29862858995622
-7.01926081397432
7.6803075450559
14.7660426743278
-74.2872479967913
-15.7059590530414
2.70802475391208
-8.93604355944785
19.0286893690927
7.3387886810891
-30.0539711182625
-27.8727725917314
11.2326434194216
-1.37640637851184
-2.8298743317682
-0.00487990030133922
-8.62471866612953
-2.86808052543717
5.25854726267713
-43.122165810107
-30.9851948103751
0.935578664269546
-25.0891616330142
3.94962867977947
4.11055045954665
-18.2683660157323
-26.0462731260077
3.70150141470481
-7.60293056620752
-0.497394359727557
6.33287046928943
-16.0825198357395
-2.74791075921074
1.54318985955727
-32.7680449694752
-18.0204021760832
4.6008422166033
0.622056571474322
11.2076940481297
2.84244654270888
0.219626428513412
-14.918048233692
0.0158450295169579
-2.72643170671406
-14.3011602521976
8.26061995977508
0.435544001713843
3.43229593201252
17.1895142784854
-42.2647996002295
-9.11247205900209
0.615098036542002
10.5371479915862
9.93560750636101
0.111129899761721
-6.80362728153074
-15.6457921615945
-8.61475176948827
5.04763144728697
-4.37386747017446
4.66995977753185
5.55381438787192
2.13566564492097
6.58283532017128
-23.0521588257349
-6.06290829022099
0.659088624971708
1.55551652487719
4.95501200800309
0.376679782335537
-1.91483328266458
-3.27022002970924
6.39762211793783
-2.95581652437916
-0.614084243892419
-9.87597630023801
0.258506325852514
-0.0599136316180973
12.6909341129966
-61.7166300245712
3.73380077491175
-1.34510755766508
1.13709955418633
2.14974949250141
9.6173454408547
8.08691412332809
-13.4422794721767
-15.8949394009431
-20.2448504551231
-3.66972803281628
-13.8785801869735
-18.2007297488322
-29.3234558562281
-31.7296493628801
-14.4194618234268
-29.1580662130871
-29.4160781558838
-18.4782114185539
-20.0632733549992
-3.18834248722883
-10.0630163196341
-28.1828232598783
-21.030682398814
-22.249719689588
-0.794482741212283
-5.28994324292676
-24.8657882524604
-19.4577522671057
-18.6638732264201
-20.5850054641222
-20.3534980170417
-19.8354187080635
-19.7257743791863
-34.1205003723688
4.4948266774856
-5.13076973323044
-21.2641386737429
-18.2819349151651
-28.5253944966116
7.38061135909602
-4.13119104214537
-26.2816883716963
-19.0979053174229
-21.0740323520651
-15.1331606849805
-31.3484268873793
-19.8752337898805
-29.7732693048469
-22.7584616018492
3.6449623919898
-19.8231042638845
-27.5705938816892
-21.7830939532972
-9.49265842396689
9.40789083611127
3.35447217324101
-31.5253470161609
-15.793833843809
-27.3909737891431
-13.2855175859472
-31.2150607181255
-10.4316907601804
-22.0328207320858
-9.41266411286453
3.91481385605495
-18.0648470001922
-40.211771173086
-7.41523873404493
-10.7756429831102
11.9262004552085
8.79371264819693
-17.756280958463
-3.02053001652692
-2.37471897850753
-27.5411908559854
-32.6787101907131
-2.46328136432925
-17.4629884751541
-0.22691935876224
-0.0181495744204715
-25.9941739734364
-25.9524815214413
-0.552729391353031
-11.0943849800824
6.29051671778231
8.73305045741319
-20.2557986987437
-10.4836345580229
-2.97349001305561
-25.1719231172277
-41.9487993349867
-8.16050477064244
-31.9261209175316
-4.99117446832745
-4.21652802768749
-13.9260544711296
-33.9785764217537
3.01313889479759
-12.0792815127417
10.6247075947489
11.9448995200568
-23.5818219905587
-0.324129552967133
-6.33077743518602
-28.2206059295492
-27.5229462523812
-2.52085925546991
-9.48098260161324
-2.94950180838464
1.28478895581205
-1.57712855774768
-10.1484359954198
-0.239525189677855
-4.76286305700026
-10.6450778041189
4.33062635243305
-2.28871488497626
7.56975219363928
8.12920808344733
-22.0426433666177
-5.43268656186187
-1.76508467472569
20.0463775010864
7.38790019766862
1.77109928631464
-1.66504392899589
-17.6481267775819
-7.66829762637743
-7.8937898094747
6.01798770705002
2.0835587794003
-3.10815133008064
-3.03024884919763
-3.45844412331083
-11.1676361472926
-10.1280048133065
-4.67628476917168
-4.53619695321418
-3.05037658725633
4.82647017195003
-8.7697177896178
-2.62204657411904
2.170603138132
-3.17334078230721
9.20135329058448
-3.33901213842612
6.44538318373342
-0.289626357648505
5.20791383058186
-17.9878355505238
-5.83337020444107
3.07983710671588
1.10529035011007
-9.85512270550389
2.6756700828843
4.78673519452804
2.48762992695881
-2.25563680209467
-12.0527011071062
-15.49447385033
-11.8892299421092
-7.4142479556112
-12.4721786879968
-19.2521793952433
-7.10898373645186
-10.9957728342716
-12.7152131202503
0.725539986763227
0.589888956939579
-13.1085516381048
6.0178590569405
-10.8847256827481
-5.17190804813085
-7.102272060347
-10.6963556126754
7.71801338800243
-6.55981844828048
-9.83548228882604
-1.31435474026221
-8.06652786397034
3.94735633197818
-9.71372340517614
-8.38182941103512
-17.1611667975775
-3.4504582913903
-3.08383118865589
-2.37007416146867
-8.91389579982791
-29.902194421131
1.18008496311291
5.60456261852189
-5.27162136592708
2.70709300145861
-1.41297350253548
1.22311205303152
-6.38399598740288
-4.62816734839654
-13.188380684967
-7.83068750328248
-0.648108755831085
-7.31752891841762
-4.28042735713215
-10.1580526195506
4.45786665727783
-3.38441529377275
0.21353037076248
-14.7969238361634
-1.40189880733667
-22.2330423412391
11.8399975688209
-13.0063138005138
2.12412003457492
-4.53738977421978
2.74459412995903
-0.0603558650998894
-9.63279387332045
-7.45913596541034
3.98032971526841
-3.32300146313729
0.716751517154758
9.61757610509846
4.58821053216782
13.7010253302972
8.60000648449155
-17.3047523381333
-5.12013383248098
1.39828266247811
-11.0253695712651
5.80132199466811
7.15702591570575
-13.9601066139101
-15.548727851585
6.16632952800505
-11.8240754522971
3.56617999196756
4.96661533379299
-5.27253719872003
4.29424946280052
10.3567476089415
-11.4996953588657
-17.4178471938128
-0.436668053758391
-11.3121219053986
1.49476366190656
1.50168341949367
2.2283309855532
-13.6115114772138
13.2641545216307
-2.52221284623063
-2.60340539793297
8.48555391681526
-13.5678551340463
-3.93460254564716
7.27485207880782
-17.0995749512921
-11.426682232854
0.91907692767345
3.22401593804207
6.68358704577652
9.78620797366467
16.7522331978075
2.48936218941929
3.4090418541416
-5.57557882654221
-15.7129760897919
4.45129665631158
-0.606456012697418
1.97527979364932
6.38542055672138
-25.8976468482372
-3.74492031297586
3.0009351977215
5.18727625680982
2.75475254605258
-4.33005469591512
-0.53483554401722
-0.274978338826134
-9.86791988863163
-2.95882330259513
-3.67650390589686
3.55341428845866
11.470523842735
4.20664859032462
-1.06649054961183
-7.19817888601602
4.6792400606813
2.56030268859043
3.0242731926071
5.08079121485842
-0.634992407209326
4.28728330273183
-1.2466549855235
4.87242834492152
-2.12263836567769
-1.69890901130357
-3.76693847372755
-4.2128879193826
-7.66917313039426
1.92151339351557
-13.3624783586306
3.15301739118777
9.0439922014873
-5.66844406715422
5.89676181437391
9.54017175821729
0.506634142249669
