0.928305173736412
-0.556394161601257
-1.36492511220036
1.01123525731347
0.071948119094694
1.00525344045534
0.23936580886059
0.275225776775347
2.01180527977843
-0.213929004042298
2.57339780828512
0.0174060146856768
0.163581194332249
0.0603223681225085
0.0526724102028319
0.315846574875438
0.663512233799477
-0.483812550681769
-0.68352005932416
0.064094235729578
1.03724473004832
0.501565655243899
-0.78350403116943
0.731043705738679
-1.38197263032345
0.669505024935265
0.181087474603534
-1.39511527366039
-1.46162077693544
1.01585369520929
0.667861221705107
1.21656136686438
-0.25061051401112
0.167750968733864
-0.348182260433757
1.54053113586765
-1.380104793286
0.212479738042293
0.31030612812815
0.345915465871978
0.342217804793708
-0.0820878549474574
0.237192207088857
1.99644391312337
0.642331508345617
0.746800485987052
1.35350863517799
-0.774677130220708
-1.28487795504651
1.90546417472451
-0.480399531794125
-0.0250668447897177
-2.25996570347944
0.244544996584376
0.167706012017822
-0.16418185296837
1.62094085244603
0.00164542104742334
-0.0376499685349989
-0.135726844152886
1.72528655807781
0.0101956854433974
-0.328082769095594
-0.158125592495098
-0.7287561408036
0.894540395062879
-0.771447681222314
1.55572419927063
0.202415168348015
0.419757206871136
-1.91878428759082
1.95585897250744
-0.405766546566764
0.129154435618071
-0.558251330152363
1.00298080578858
0.531817939652152
0.657457160447151
-1.50234769406722
-0.780214847690475
-0.511217839163826
-0.64141096010361
0.756457575921933
-0.680513059345519
1.96729009580748
0.482656092410093
0.0883150861374263
-1.55704658071127
1.24077058834616
1.29593487722954
-0.671967136400731
0.342243379749818
0.763806451990272
-0.45713152348789
1.18101296955394
-1.15340514561425
-1.12162213281548
-0.668847752743537
-1.10623680306237
-0.010811395537678
-0.134749576118436
-0.307461780718647
-0.96869367862131
0.141029472426975
0.487198301778113
0.949355170901686
0.55718042174576
1.74352191544181
-0.114916384428649
-0.258230372536244
0.603116607804034
1.27849160039599
0.168979332991932
0.854882538472566
1.67301555302925
0.101648401127773
0.177491784152475
-2.60086218626648
1.72788044142987
0.128320017047529
0.410891264941565
-0.424055119755414
-0.259257191042762
0.193398294957744
0.186371824842149
-1.05964652449896
1.65096046902325
0.236034508926655
1.79611649788311
0.997766205391934
-0.986163164267432
0.72166303681234
-0.815722039529649
-1.22317180296306
-0.198856160957839
-0.638823444162772
0.0106656790805896
-0.462015774660092
-1.14341253967141
0.560599135418316
0.75940880276108
0.219278461848648
2.12043937879605
-1.09935604368208
-1.2366385401496
-2.03965976685627
0.118227169379265
1.11759778658594
0.299914788753115
0.534597468110008
-0.307144534574875
-1.28993693270436
-0.0324928180307738
0.145245368777642
0.405992935767756
-2.26948278689775
0.650055276418792
-1.00082224806776
1.71750903179075
-0.88886049484848
0.489284597798006
-1.07599015941488
-0.0912251330175041
-1.27422956549413
0.716001332872657
2.31594093666734
0.0119458915381678
0.477271766777166
1.65757864989314
-0.900109215697113
-1.78298505668846
-0.946549642301453
0.0450496616402253
-0.811328810775049
0.354188342702071
-1.00444023803337
1.01719356628723
-1.8132349248659
0.739377741055063
-0.384942241502797
0.388207448412909
1.22354424942676
0.0713746537452726
-1.6746150145924
1.26286683896394
-2.72873218679728
-0.13411918458762
0.978849016100559
-0.479975686018395
-0.0654827126449446
-0.844681072648799
-0.960490681589293
-0.65118139248605
-1.0152334083694
-0.344642567404601
-1.92856760198877
0.506231316158288
-0.99782606271402
-0.154411891198573
-0.54627599200507
0.810737799455564
-0.50348288062345
0.145074628009866
-0.0126116381919551
0.327194316775416
0.783475184799695
0.440446321421256
-1.09086976287984
0.609179199047893
-0.0607139873678988
-0.0116083625350236
0.303447247762681
2.64590959947854
-0.535929727439467
0.671125615625092
-1.05970509801243
0.548942560374684
0.184496608527293
-1.13936554394218
-1.18627717248199
0.751492544616279
-0.0114370408887413
0.408543823371871
0.548462035514866
0.127552871957774
-0.870172621927898
-0.468671635450033
0.48864525965802
-0.262416828425114
1.79412751086493
0.666658410248849
0.164443099448093
0.652594270742522
0.632118951931922
0.390227704781889
-0.685158881497435
-0.0124228501121234
0.198206778142454
0.179127628260434
1.25985399949109
1.82900880643257
-0.746639140128472
1.42442970052832
-1.96271450874787
-0.872230769016887
-0.668602397496942
-1.23623140222284
0.12552355136598
-1.01933418183024
-1.41007041388443
-1.24642797445867
-0.31046280176836
-0.168250817328675
-1.09034969109292
1.03787301476146
0.773991206967602
0.357290889722023
0.508289957548875
-0.0211714293243697
-0.959386561587614
-1.06307929222549
0.189201866932113
-1.09354888919819
0.0708954782794502
0.611863992272793
1.42712289088833
0.249026564303527
0.00466471260247131
-0.530176081689711
2.08801662977839
-0.678933803646712
0.167472440354737
-0.562185898556392
-1.82388493221632
1.61176750571533
-0.985989614666892
-2.23351728962363
0.307001155333252
-0.228543177839029
-0.27160423315836
0.860227791813997
-0.175675508407023
0.053135703364081
1.34391853936411
0.28417565094467
-0.180562183090697
0.853043886254636
0.674741452539187
0.767865706648546
2.27233624939496
0.124582796643733
-0.606440157429389
-1.49743999882
1.48587787891469
-0.849606022141945
0.00235342674744673
-1.04718785878387
-1.86244345191957
-0.425552827006769
0.562003151273487
1.85688935244633
0.62024557133383
0.363142506952047
1.25291153067132
-1.13915589798505
0.648692253809982
0.536185824337502
1.29388325073044
-0.944507275051842
0.991783425797718
0.607571652630476
-1.04536508062471
0.244353244245018
-0.9481843901706
-0.0945190576742021
0.229628452220955
2.31822981850818
-0.880337266983427
0.688296574902085
1.12049969287391
0.784610880594736
1.15214555105094
-0.0547644824345113
0.0873633997942811
1.06839698401047
1.72197521793108
-0.325068770295605
-0.545996923419911
-0.585785320017771
0.357053037979404
-0.491131743315403
-1.21150973662779
1.81837763207115
-0.566616695042863
2.10387343637549
1.63798602746955
-1.08332385876058
-0.140217131076657
-1.06340956645176
0.8516061203259
0.880306970397458
-0.734251777173506
-0.244703827552591
0.75292439486708
-1.1699444662011
-0.0153757125014008
0.0760899891967366
0.8506250107861
-0.410415524634538
0.75677696588522
0.092232615545208
0.883759523660788
-0.283360369298017
-0.729214351900113
-0.205855946945015
1.05637885381573
-0.652755562011661
1.91017636108566
-1.3769194157173
-0.824751256988905
-1.72847281220915
-0.604768794642299
-0.0828277447565591
-0.810500006628151
-0.64177392926347
0.0270166936529389
0.728707773318636
0.244467594578259
0.0469001876879433
1.04251352823777
0.758246923924978
-0.207042322515517
-0.066095814672583
-0.0940955697121535
0.899464062403034
-1.10583540901226
0.443915350186163
0.789746487205249
-1.10220170023167
-0.109582947488805
0.030511441129547
-0.799332449083898
0.0615218947247747
2.51361023797438
1.10346245080488
-0.450365226489308
-2.47484957746566
2.57400886632356
-0.324625175198142
-0.0581152900227772
1.44963395512535
0.942183244694497
0.271923641355811
0.832920637651002
-0.26665224218189
0.789503886325445
-1.4908696636492
-0.844365255920919
1.60701778254966
-0.161745914240908
-0.81619096909081
-0.410590805946324
0.362131895845116
0.132780573600463
0.589309450131072
-0.786450416654686
-0.898536529348381
-1.80366832069919
1.05904470334603
0.430728905424179
0.106557397814675
0.833460849550788
-0.0658755762026599
1.27065926245328
1.85339599328651
-0.916655940032232
1.88122674124946
-0.429182725945219
1.76061964112987
-0.0107226166195325
0.0502580250857889
-1.27531613021754
0.48715014581818
1.81986056160235
-0.26798357922175
-0.081109566333378
-0.166024672829383
-0.217320364099679
-1.46263058418423
-0.0798761613796351
1.33756583182356
0.71082529522129
0.905692551791644
0.551807048501475
0.0636987253829892
0.669532626814733
-1.16627763834696
-0.997315572859522
0.297018153983406
0.233872954646329
0.0694499848561208
1.23892950857481
-1.32097195756047
0.209403266047936
0.479488646355888
1.86696103614155
-0.532970200259049
1.33665256687544
0.655430596883299
-0.0125620891466011
0.361856470759245
-0.112891588970525
0.839282627810021
-1.01151848128651
0.521689633952592
-0.0173107780863027
-0.115059092781139
2.24387298847907
-0.377630929480772
0.904389464504597
0.569897933487097
-0.639759971425539
-1.59112013271586
0.0109944574181856
-0.560011582279887
0.414284761733868
0.186171861484349
0.567073716209417
0.534641532811024
-1.22650769726819
0.249236435019002
-1.83312329316984
2.6433982293025
-0.084137729836847
2.22240972543452
-2.16678398818246
0.418564376438404
-0.443270519887927
0.605646549015132
1.56510542738427
-0.908624294249436
-0.199139322751437
0.00406586298943198
0.0479819154370853
-1.23074361724029
1.02229428968151
-0.13697358384403
0.354780023152443
-0.125275095387476
0.370087760037081
-0.283824090833894
0.514285837855941
-0.797325029011896
0.228413611137947
-0.357728789143917
0.257516890538259
2.75848695410449
-0.445279655492147
-0.948290073971187
-0.969403492898423
-1.29850094896473
0.119974558482315
0.0470361512559125
-0.410468807744031
-0.96210652704916
0.584641690306765
-0.795371035564258
0.950162626577726
-0.719568348981354
-1.25522070031385
0.832668416782388
-0.24387641456125
-0.836220411137724
0.160035138320205
0.564136516520226
0.931888220103775
-0.673380225462051
-1.64952379589404
-0.0877222731483049
-1.25936724653366
-0.441829238170673
-0.612400180184359
-0.173288948915833
-1.31917644076062
-0.220843192672547
-0.344715691649773
-0.327152497214323
0.320953609186257
0.167831341479115
-0.953136228323844
0.499838289642398
-0.298607062588867
0.666359262478546
0.969718357644701
0.991144379735431
-0.0853261054976267
1.12744085953458
-0.36546735968982
-0.630118192333552
1.21392264105999
-1.77896700049228
-0.748646132832476
-0.596829952422065
0.319615104510091
-0.630505401177568
-1.51559678045658
-1.70330784313635
0.0831755559491964
0.472270371870225
-0.977999124600222
0.735334423424621
1.34607662883629
0.841941968245376
0.146393333108953
-1.42758353774467
-1.09975270271226
-0.507540498810665
-1.40616061856136
-2.24147286748944
-0.109385847625839
0.400222473470483
0.48539298076011
0.777573763942948
-0.188751800460721
0.141578096933106
0.925326497592744
2.51779605053555
-0.188459529711071
1.11534824111407
-0.639506880048928
1.02439833484512
-0.0359290536111258
-0.759033806759373
-1.01360433321296
-0.689193366146808
0.590650892042205
0.0113200484649354
0.0110741723944848
-1.19255054099956
-0.474225656042308
-0.0329879821327987
0.0143588966479453
0.0488715559072392
-0.918565580055881
0.361869876535694
-0.325952781930102
-0.644064415043261
-0.655301381954202
0.411192654411321
0.160308975994304
1.31147549609038
0.561783163059996
-0.0292880949611198
-2.06107035542289
-1.42809486534758
-0.0294969485581207
1.71098007968655
0.824387609780674
1.0540831433775
-0.239165584116284
0.347578263347565
0.96263857175923
-0.450919680090804
-0.503721039733562
1.11602377357533
-0.19732200257011
-0.356285680476755
0.0759779827548834
-1.53267776081146
-0.106057713775887
-0.262277866491937
0.738615978927493
0.818645953343743
-0.747279209497644
-0.426134807799539
-0.158895035014787
-1.32624285633963
0.737864087898923
0.080888005228241
1.29431835813607
-0.156839419642789
-0.127272866772663
-0.92238057676145
0.944725498664472
1.72797767460666
-1.38345427172583
0.363053495572971
0.2201317170583
0.6409935724585
0.888151253047846
0.565804368308968
-0.923223077942683
1.88651460697032
-0.46890394836983
1.95002836910502
0.790906393152729
-0.636691198287583
0.634538619758238
-0.5327635110005
-0.929750319887891
1.00876121443476
0.763100731023595
-1.3575105216354
-0.796038639235933
0.259964029893558
0.756200476630352
-1.05215933943125
0.0530865415046791
-0.937204382379122
-0.574364127050932
-0.26440755663529
-0.548969613680027
-0.328098287345975
1.1561193233054
-0.931197524020012
-0.204449375320565
0.743331249259351
-1.13860024535183
1.03800980959326
0.430707617630405
1.24431466549732
0.911615799811154
1.27810020368939
-0.676749393859637
-0.549225989444232
0.637680644175754
0.59454576787119
0.0174689410976111
1.40654354131503
-0.932578925512575
1.42251724942592
-1.21345982572592
2.11513627102194
-1.55535719944868
-0.333992228200208
0.252763739341083
0.507420270463602
-0.957632084977108
-0.649869916939094
1.65126418120315
-0.237395780835472
-0.614767218574915
-0.233965483603756
-0.255670799417262
0.504434940718306
0.143760763922922
0.0502537042966955
0.201858407555784
1.25503943653272
1.51173955075148
-0.126204439206867
-0.225826738428282
0.243820044863046
-0.231353479659249
1.78895420146388
-2.11266075428758
-0.269782830318748
-1.27874045651549
0.0703216179149114
-0.631384677327078
-1.11896453662437
-0.253378637447239
0.459975723013952
-2.08095953566622
2.16919850171673
-2.30143489484781
-0.994789940499423
-0.383612795333929
1.09261516786528
-0.0430078133561246
1.32332048691786
-0.329242499424639
-1.02199939787713
-0.485678863868514
-0.0317701393073996
0.595190702701748
0.0446214979335026
2.0013673143377
-0.166881099734846
0.51994024317722
-1.53638446753431
0.139240552490821
1.41690524771661
0.127952340951807
1.83399461053531
-0.910234104625234
0.107714240068253
-0.320811619330648
1.10876975039366
-1.19844273578634
0.571478425809108
-0.349381924563292
0.332499766105894
-1.22308221482799
0.857856131533774
2.19506946607854
0.73919118345651
1.48699687305
0.985414371145693
0.231025165258564
1.0027961465907
0.386407103965537
-0.0111150190904714
0.779283066383679
1.35805190600068
-0.624323588882456
-0.0516791828014383
-0.88346812747556
-0.506829094527448
0.761411162272339
-2.77583487022417
-0.895694040484358
0.413456134169524
-0.705029385397455
0.041761699895374
-1.03887214935968
-0.111835405689994
-0.180353180236909
2.29020261306393
-0.70824558339071
-1.72713775534699
-0.42989487346472
0.836596322990487
0.612265840936403
-0.696305481088434
0.252819493696261
0.571646589473206
-1.47173973070148
1.51824390835678
1.62055432644052
0.293112070642289
0.318803925887348
2.40047668748954
-0.73545487657724
-0.862396364771218
1.46174609013137
-0.168942600929395
-0.162170416003532
1.64303705183142
-1.83814529147345
0.0543634828034114
-0.748099333211172
0.107574529672494
-0.878184824318473
-2.06077058421324
0.281406495811904
1.38837416984349
-0.277365801436681
-0.464162553561921
0.954591496843773
-1.11163712026429
0.703453194739367
0.352196975223113
-0.555770223231674
0.672884806228419
-0.466089220196613
1.11628972804706
-0.843285928635182
-0.444068624440655
1.61067712377974
-0.632113845903312
0.777196996397536
0.406109747896904
1.19924197794773
1.51490153919044
-0.741082649667989
-1.06680716773585
-1.64145960090216
0.0341952565336558
-0.083388817379064
-0.429656089702892
0.699405615144134
0.510145328956552
-0.841648828618876
-0.945825191869777
-0.329286749479167
-0.909176572841543
0.721260652857606
0.133550831400121
0.582466745703273
-1.50874111641146
-0.0399306595303452
-1.32843519532663
-0.0245337968421162
1.95124637955062
-0.262419061812306
-0.973364342728662
-0.12232896273883
0.860222526065694
1.28550622688443
-1.2232775560281
0.93009421485471
-1.41013893668578
-1.41916073316957
1.13349049789767
-1.26600226592165
1.33660690032349
1.34928557365461
0.419633540481323
-0.398330449560087
-0.319887601055755
0.722139056217524
-0.244425512288498
0.799897945955992
-0.160686860135913
0.336182970311804
0.083744946938912
-0.0847350812890827
2.41838389536051
0.752892948215209
-0.597603334386639
-1.42449086747649
0.688014515108393
1.51327810886739
0.337299723743585
1.65504094139796
-1.08691597104708
-0.200068704833327
-0.602741415103884
1.43326592835046
0.411839444533153
1.84683250923896
-1.57130874702026
-0.88553603452982
0.333291907844005
1.04963639259105
-0.487732600098138
-0.438238758222597
-1.2593019103509
-1.3226059677208
0.537695854402014
-0.502808990227248
-0.0669180625092886
-0.177942762016347
-0.464030197284033
0.850656749270851
1.74996296917268
-0.367801883190526
0.904929188966219
0.932662187641116
1.62958017606544
0.253123496680302
-0.383457264642053
1.48967962108549
-1.75347628907868
-0.624753568937393
-0.389642379475347
-0.883147951463674
-1.72679346530773
-0.808247945715169
0.281879177068293
-0.987394146988543
-0.495069230388821
-1.17386924200301
0.26299360664906
0.384493336905169
-0.520811798301572
0.0881552041231575
-0.742592632100572
-0.26371693956699
1.28052418720532
-1.89731855853043
-0.480412186286384
-0.388055814857091
-0.506098264659069
0.362311294494018
0.357237952262967
0.0253430048178579
-0.463828333809438
0.705506781777593
-0.557941582180258
-1.33687677307935
-1.62197553132203
-0.351903550758005
-0.401624766181956
1.04255317884227
2.26594857362182
0.175786398082947
-0.633516566435919
-0.539098853859824
-2.19323728091377
0.73512149254575
0.371122974998555
0.402661103109605
-0.228679756677532
-1.39494283201786
-0.110895455583151
-1.43043841922374
-0.356162200264641
-0.444213198450598
0.716722196509358
-1.74228239898749
-0.0963385082340574
-0.74152504000933
0.212093118884877
-1.83113603149938
1.58279995178438
-0.392929206836474
0.0851443811341363
0.85117128381469
-1.24834057942893
0.0423369965436305
-0.473401238027148
0.412234449566764
-0.381903666802042
1.58251615295886
0.44066658853344
-0.530519595369226
1.0124320601511
0.432904051365026
-0.565055643562606
-1.06886648165484
2.0943939444109
0.634676287313537
-1.15684710762922
-0.246158408727033
-1.02397589650074
1.52688247867735
0.11303278772257
0.973195561773891
0.674385139878215
1.47021189790008
0.799227352616896
1.65487895805113
1.32913701942047
-0.343339459114392
-1.59487838444713
-0.116924567904775
1.10811094967928
1.05028587354381
-0.0984552207821831
1.57076615098285
0.538265817969045
-2.25443021807622
-0.194494231982425
-0.326070955599216
-0.409899217468168
2.03129247867007
0.636160777925865
-0.479205859395069
0.178298172972285
-0.344338201804277
0.483797027034219
-0.654646768847469
0.218755404006588
0.824581233213981
0.924565446397748
-0.494960251553789
-0.292230017571832
0.0416432583491329
-0.219964467700351
1.22056672658924
-1.01297665766688
-1.2163254932245
0.519294161827651
0.0700810497714772
0.138566169542763
-1.0812488399778
-1.06146207395462
-0.565113910839052
0.719020433136072
0.13915209528503
1.09538207960176
0.103932831276479
-0.059136005900842
0.630627155530846
0.330620113231352
0.0567671528534396
2.64345207449262
0.897938903670919
1.13636445098261
0.175873308854319
0.356765018227699
0.352985601557535
-1.63659998277388
0.227339155558828
1.90931830759376
-0.588442400026286
-0.832521504927211
0.469496354127065
-0.785414804630718
-0.515440387759457
0.0615004981646251
0.474506160202446
-0.294965162099178
0.414631858808543
0.549906689380729
1.65158966892375
-0.232032722314132
1.65840910065743
2.01643537804983
0.512071704540892
2.01758993854889
-0.0478093033688971
0.846164999112979
0.786317495434179
-0.847966623561026
0.0378243661390762
0.167512882796988
1.50169196023225
-0.412673760776171
1.99701144465453
-1.17273822574263
-1.11575523998778
-0.0895305173233734
-0.0171225991654804
0.552997781587349
-0.283424263847059
-0.0639486701740735
0.785880062937332
-0.678531218315394
0.829108472454565
0.476150843097818
-0.163846868262484
0.557130314755909
0.722018820526272
-0.845201858487174
0.00525801987273348
0.886313460380891
1.72814483867261
-0.26069125673982
0.148549977059058
-0.401508070859491
-0.766388650992072
0.839758625103252
0.561318663446495
0.873693314870883
0.336944762220525
0.643644916541747
-0.838192007701493
-1.16994178688383
-0.855905670055498
-0.101574906457868
-1.05029025215592
1.52853908997197
1.31074950329995
-0.396298754819127
0.740222480377124
0.0623892697883013
-0.549855514861432
1.61667989100395
-0.900396636425049
0.909248039899873
0.862913319981798
0.349642010214878
-0.782773226738446
0.141668648176433
1.25232618210919
-0.779234053426456
0.00899989930298674
0.433608382427239
-0.38709190831228
1.83896894855273
-0.562929417270472
0.389738980267896
-0.928203807985869
-0.836808928791767
0.0754430504587363
-0.252761148438525
0.0752019751927812
1.42591127635905
-1.29839450092213
1.33614887606643
-0.829299474595417
-0.0334800306925551
-1.95162692039295
-0.771670091671101
1.10900543463586
-0.656623506813849
-0.316840149054513
0.808136451422962
-1.43571533257252
0.786445337779523
-1.26240278019784
0.132557817501994
1.36063745834259
0.588511617451669
0.0411850092500322
-0.764561664932071
0.546430296455716
0.653677587641046
-0.584185726383451
-0.571629248844039
-0.0855259560426711
-1.35882108552541
-0.340798278856697
-0.644473632160714
0.977808426297459
0.103584509675737
0.60875641513718
0.82507693512765
1.06757586556562
-1.33070971152241
0.249603116308792
0.482222683823036
1.26723080372302
-0.967027920271526
-0.362747651275955
0.0968667777995579
-0.5943589426551
-0.691666106813566
1.21510100934563
2.10180656054218
-0.210137356385791
-0.334589449242652
-0.737381687748902
1.15182453539027
-1.89881818744032
1.72906397245224
0.447457075310662
-1.36966115258719
0.317006367410257
1.13772236907544
1.06626131729082
1.7366212341165
0.0671489566441204
-0.484951654931513
1.03783543540729
1.46451960499061
0.475666588777582
1.16971730873246
-0.396659923483651
1.09189145996163
0.00829152060298623
-0.263184428730338
-0.9294189563708
-0.160431115966047
0.346658298934058
0.403698552356255
-1.45209853610411
0.214566963701909
1.23873241999039
0.0167211555762831
0.387950781872128
-1.07974115132385
-1.12961293116225
-1.396013274621
0.602249140323318
0.130385928474077
0.298267197464748
0.283839781554543
-1.59838382783712
0.251174161952704
-0.436060090599201
0.378247381677158
-0.0836732073442106
0.112077236760522
0.281464234741746
1.13840397422489
0.7829872279154
1.1771521519469
-0.0313083077108608
0.4394659745703
-0.777164604859942
-0.393171179833112
-0.318959943657765
1.29439894655393
-0.323856120727275
0.599022426037549
-2.21996552068043
-1.58355463832854
-0.133153869436283
-0.723783615241672
-0.119585651743419
0.0114642714585643
0.0581911323797684
0.557003887055367
-1.17731482217845
0.305088091605625
-0.210278763847793
-0.275082524288914
0.438535636291149
1.74861635420079
0.248157699715222
0.270964580373064
-0.430885528337382
0.0240561338012598
-0.442366437107838
-1.23574251814509
-2.18567612189043
0.859844755151376
-0.112282960119885
-0.448005085171903
0.0251812347091307
-0.799378675216134
1.44711171634273
-0.00844045531312873
1.0774104307993
-1.48485112826478
0.334824236025494
1.24404101932521
0.587898261478326
-0.372830399491944
0.53738203005858
-0.344423916932528
-1.96010777192653
1.0446614290339
2.37856866250692
-0.52307189294307
1.30795888112071
0.0223919556951449
-1.38609643496972
0.0019393356048905
1.73290408058514
-0.911386996186785
-0.0218192959461663
0.815528079474612
0.909703290127416
-1.11133585615461
-1.64165806529815
1.11810382377492
1.45199568042752
1.13144109165507
0.38328897840336
0.721888902617246
0.28154909789968
0.44962216363742
0.846748397452966
0.184795332816028
-0.523399960753668
-0.539962281871051
1.04475307833181
0.608428187141055
-1.77372227493284
1.11134527247696
0.888929623469888
0.716745755503123
-0.305959817117773
0.337740304191103
0.30709524951451
-0.802509522255102
0.113923810642226
0.528675999340106
-0.245234634796048
-0.726371620888009
-0.308662720119674
-0.681468912079098
1.36000683593466
-1.46001185452975
-1.11826544046598
0.411137015626655
-1.95212796805958
-0.118971596442553
0.827723224446825
-0.596325781455344
1.46411299579152
-0.100480679771393
-1.0771195323768
0.169171794686951
-0.641003913654779
-0.161259944917421
-0.500550847234134
0.458755052185379
-0.623783335261562
-0.755431955256497
-0.888283386228253
0.298370892268898
-0.0454850701393155
0.666088758623404
-0.930545384602363
0.0620801353277431
0.164111156614997
-0.237492454920443
1.28977661175449
-0.0678459768482054
0.0131760681069152
2.00351092440634
-2.45470802237308
-0.0896489472934994
-1.3214204013952
-0.878602342099877
0.663669687477649
0.34459660844989
-0.494231785503935
0.242528046154619
1.2093955069023
1.84141704440231
-0.133792159762091
-0.184538225348013
0.89150636609513
0.313736311337207
-2.18436343654634
0.490605640925811
0.0512920473752382
-0.264630860476354
0.495136758771877
-1.42388533108847
0.0430539063887071
0.924280298476492
1.0420600926192
-2.66482662933422
-0.641296673570141
-0.623698349697188
1.43542811933149
-0.62195669858888
-0.173755557731734
0.686750005600974
2.0097494855245
-0.705069935338459
1.96246694029896
1.8103853950795
1.18183685155214
0.543980755961902
-0.655243612610667
-0.736881646152508
1.02112214618764
-0.834614136018441
-1.53771251171433
1.02096361298886
0.644314543483967
-0.429885353299311
0.900642817113188
-0.16979580813196
0.218004590518472
0.55902960406381
-0.765662965017207
-1.26786133263944
0.967339585804538
0.582448842661031
1.92467609557801
-0.826200827956617
0.133789685785235
0.0525055465684821
0.645154694550485
-0.395180835535855
-0.646732935505612
1.84789275638218
-0.166256826159489
-0.274560144529616
-0.581365930967272
-0.128017396146691
0.684923757127947
-0.672927805762555
0.692166193668363
0.701175512257282
-0.913380777659166
-0.50956757261242
-0.417663981842403
1.19035204379576
1.84974896999131
0.858972768739922
0.0866374858075984
0.464248331016901
1.43902602966556
-0.509303827499837
0.265003047796344
0.703407734130963
-0.100934792793435
1.19622146513969
0.746591770124908
-1.62350107017927
-0.478131053948816
1.01947637096574
-1.47457011927242
-0.215863072455392
-1.2488737063743
0.402098809037073
0.232812218762288
1.00293732373544
0.806421034712117
0.151332696870815
0.559619693676747
-0.87193319888213
0.130948562880218
-0.475918041979024
1.38729816216867
-0.30506774568534
-0.410049519025263
2.25380888324187
0.614730981018171
-0.688714578691558
0.589460584952089
0.242772756855696
3.33749535249239
-0.00422378424115916
-0.692275909912219
0.704400514987997
1.29942619414943
0.267493989299288
-0.852784674446635
-0.997429047022402
0.26773004630617
-0.0650913057206182
-1.7230239443164
0.925534949735097
1.05399293626868
-0.734256431195932
1.66468307947526
2.23772625707613
-0.324605300339394
-0.726001418212616
0.0532158172366434
-0.349090847650397
-0.0244482776044458
-0.0821438481638646
-0.16587755361344
1.97123748178513
-0.587267214986037
-0.74188803027323
0.465623655722649
0.985968823433863
-1.24013339947893
0.222093605299626
-0.455485355918114
-0.542350908646993
0.212135844670074
-1.1315571030641
0.933049659028449
-0.426346122461702
1.12319570294836
1.01019255443288
0.349606582578962
1.04899990244361
0.0678749500644255
0.0124931338591846
-0.321470463720765
1.19830827599367
0.6304011501755
-0.429084277201328
0.0236947292800542
-0.215659591251578
1.2727376599445
0.595672674091908
-0.676117689259053
-0.155887211571809
-0.803584074278385
2.30089577336729
0.378091963710727
-0.664600735042102
-1.90389887406656
-0.819585760898474
-0.303482122757927
0.299695894192231
-1.87348872771004
-2.12902168203665
0.206470864284633
-1.21395467227023
0.807183618394611
-1.56508299152579
0.100773405333091
-1.75847937276
-0.608850406450476
-1.2317075331465
-0.666429479854511
-0.888831605284726
0.790938334737058
2.99535802067926
0.813188496598575
-0.53466743621443
-0.682191555922469
0.688201692203914
-0.911666865668171
-1.18130222037136
0.651416665033028
-0.928611936780722
-0.495441408995616
1.03824160257634
0.296177135952987
1.02026111164281
1.08230800825519
0.449252447499947
0.216529513626485
1.39186953561772
-0.238444573715439
1.61813050838268
1.14079663471241
1.79848566182134
-0.447783896525896
-0.506759868991633
-0.970796284850887
-1.39048887139452
0.507512652581888
-1.22246514128142
1.10673377390777
-0.0836624804077035
-0.632142047501141
1.22833258300363
-0.0766173803586684
-0.896239128117647
0.0373190214106661
0.265311939489071
-0.643587143932527
-0.0406754909511028
-1.19557764816651
0.206444912498349
0.0915280210356741
0.116561207030975
-0.364348966673357
0.125537871763132
-0.11576949675818
1.87165592692883
0.318992777421587
0.128803183026566
0.506586883458541
-0.590621679364145
0.36100804694965
1.47239797906083
0.214805247574419
-1.93335459234086
1.19016047930079
0.17580877005342
-0.340921176135821
-1.23314154050907
0.515438512219019
-1.83545145960252
-0.651349228649906
1.47987075528537
-0.788742957808044
0.711342107752398
-0.0255193987653292
0.269564856221398
-0.817964049351083
1.48912260014978
-0.439935066461023
-0.0467236727445388
0.285606276725101
0.377243292515185
-0.230903608795803
1.31006361982206
-0.65855645712397
-1.00989559544573
-0.602763237205142
-0.572547435017725
-0.0541862102959951
1.2674476940872
0.450938545702717
-1.23444958474319
-0.110395764115728
-0.278081461007094
0.378092508105951
-0.164372187792343
-0.0398731434157556
-0.605513402216319
1.12197955862247
-0.146968362094332
-0.147233514298575
-0.204353493304131
0.316281711009353
1.83684281264997
-2.40915566745478
0.879579757835119
-0.81935201406328
-0.469771901274104
-1.4079919898974
0.9908632554343
0.897686894883072
-0.408182569585273
0.463119263626622
-0.0167526708930238
1.36115683150107
0.345204720234792
-0.527619458644991
-0.0783605514859783
-0.972839758024198
0.557972959623661
1.56978939535451
1.63494486197865
1.80216999299695
-0.220738707360614
-1.41502356233188
1.70704150017081
0.469716723995526
-0.440824762488509
0.597085580298739
0.552397733060872
0.0609476477824878
-0.776936504892322
0.449822192060502
1.02369564109207
-1.36298672091785
-0.879099756378895
-1.93368066229012
-0.28002454223282
-1.26163543579848
-0.374720241753402
1.34254966283022
0.578923170544254
-0.605165887812628
0.300900064329622
0.385654146721419
0.244715078434581
-2.62515575388633
0.696156845691659
0.619366569327349
-0.274329183736721
0.460742759150412
-0.196118429286367
-0.160304902539701
-0.229386927494872
1.54395529441155
0.388864759132343
2.00807674439161
0.240685430035871
1.95749007585033
-0.249708190386565
1.11580156284243
1.40943076272124
1.72784418508043
0.995072869340924
-0.709006007006842
-0.161060760940071
1.86878835018285
0.235737406877879
-0.878947372852842
-0.69749094188287
1.07475397716368
0.243206610063355
-2.36494211118455
-0.426307423360557
0.054800592367963
-0.712361148812811
-0.623971277215895
0.230966916203618
0.184739989497536
1.03045469440513
0.653359590202096
0.278910004872453
1.41263326963398
-0.762815992853933
1.1207269208934
1.22044532814922
-0.107178975011455
-0.0246510437306497
-0.307986374788833
-1.08312682581005
0.413516303366181
0.393559628532966
1.16550007725661
-0.0590383584062006
1.15189476874256
-1.34206640159087
0.0275569018320494
-0.804872267504731
-0.202018383808396
0.660651690436262
-1.12516662031884
0.0389124390106992
-0.0703678651499801
-0.336238350468602
0.354694967323061
0.0532879014924625
1.21503279387413
0.727233562093715
-0.789693185027186
-0.0196183430669859
1.30796416301272
-1.71001507360874
-1.35613876019748
1.2573398483928
-0.868512741025837
1.01913581879536
0.715272727547976
-1.30987909398261
-0.613280622638632
-0.665483322915739
-0.0867871761348937
-1.54722415171218
-1.11312105663397
-0.599114255532776
0.44773231995717
-0.978711388116703
-2.20948521625932
-0.0514345582755486
0.0380011440879114
-0.932704689627552
-0.155215226765877
-0.413109013981975
0.734992245858624
-1.08467504029111
-0.210692897891987
1.01109447247687
-0.416543953451
2.1221977948309
0.912722236158779
-0.419003128953564
1.41577217633565
-1.19219965662666
-1.20169508924651
-0.582069699959577
0.967516621824628
1.11439269372873
-1.30243866918209
-0.179473998353907
-0.136940726078527
1.88607653280827
0.287539029239163
0.939001162134363
-0.0616697394309888
1.32080043503409
-0.119606478994798
1.36024851031557
0.854923267891472
-2.17152288741781
-0.15989831810733
-0.207578753700157
0.0602760917701537
-1.30104375420637
0.89350475967132
0.941835520439997
-0.61671272412393
-0.789559250475072
-0.399897962847558
0.0564351368426745
-1.64278290995768
1.07402245404063
1.67465086340515
-0.580445862587141
0.335698573891454
0.862487511167361
-1.21690597535467
0.840078939741215
-2.3139687824677
-1.79853575609253
-0.623224529624243
1.40695840609154
-0.596443485576555
0.46649342130055
-1.21085576505418
-1.17316389843585
-0.0101505682838681
0.698439312717019
-1.48797038802241
-0.197264453652397
0.455737293481238
0.0302967598390912
0.593275393940429
-1.09796163704063
0.0184641214387136
-0.0147288763259759
-0.418897647779865
-0.712406779673752
-1.78374882659765
-0.872972933620619
-2.13911232450163
-0.133015918607027
0.391414096453996
-1.10840196141182
0.418931829857834
0.577553115710222
-0.586041515925112
-0.349627603205401
-2.36063654223205
0.323934755271572
2.26262529331467
-0.281197902626047
-0.629467261735671
0.65505946462174
0.518174053081342
-0.428895248410481
0.164158160491176
0.478233882327712
-0.375341153894186
0.797626214113337
-1.1586926703332
0.743967984070572
-0.905005550727737
-0.210261235915134
-2.78006812447846
-1.30223163411418
-0.954162459073912
-1.27588440532498
0.584591543929271
-0.777808344005775
-0.399760123098478
0.642086666347567
0.823109833257737
-0.130402678449699
0.104869520159844
0.17388162113619
1.68967850627741
-1.68415546100511
-0.148354444966931
-0.397635601421488
-0.42661525205684
0.468129303692496
0.39212311295202
-1.10255444432502
-0.892310752499692
1.75502776771162
-1.16711984471264
-0.540282246713284
-0.819585454371435
0.106370958769626
0.418786624131414
-0.499067801449173
-0.753347375947996
0.294088339309674
1.20094643275585
-0.000346242313782626
0.881288613691618
-0.407500670298686
0.939532329612647
1.47678379862251
1.74132530183212
0.167510187891977
1.28543696047703
-0.661024299380469
-1.33960511296998
0.678263508180215
0.153966355945504
-0.858584845983829
0.316808927484267
-0.0116229066404671
-0.651756767504322
0.484772765133448
-0.77325820043215
1.60782821437818
0.481495814868602
-0.224601975127089
0.267753417810449
-0.00951052420733113
0.923083950417256
0.4013097553608
1.45157348818311
0.272252130920521
-0.765100670151044
0.259680359919823
1.13237459968869
-1.88793650894116
-1.24855656901586
0.695952957770172
0.832636721803947
0.00556546134428037
-1.87919714043128
-0.686896884230205
1.02616532995953
0.42419094711112
-0.0112892657668432
-0.578842688763393
-0.930781458663157
-1.2684799536943
1.15059352060841
1.4155882009627
-0.375126536165356
1.53152298834044
1.3925873434116
1.41579442492645
1.74159920521792
1.17361437826802
-0.283311003257813
-0.330730854741833
-0.339631455088816
0.0457059413357282
-0.706432225358964
0.213525748439059
0.827449107306829
0.259979116755754
0.500722632518643
-0.0906521589277046
-1.5210490304355
0.388187942520321
0.586966994721978
0.354757367601927
0.017716587871686
-0.000762365863520665
-0.0934207672574735
-0.411940476091927
1.20171016099058
0.594273743029493
-1.30468016638159
-1.83533809851524
0.382642544829935
0.247923208028117
0.917338967515297
-0.389408301051288
-0.948104780490489
-0.529193939579529
3.14919127665409
-1.008560058603
0.100896322731208
-0.159698160640589
0.977156995187165
-0.965488370616661
-0.527094604770233
-0.217138738860449
-0.104056465955431
0.277427258967154
-1.01729777164763
-2.17629577307341
1.42897614885524
1.35205284516255
-0.826486260055914
-1.3048078107073
-0.838076041688609
0.486161212369003
0.499062075571089
1.40715178204946
0.316487378596033
-1.26278111330832
-0.33618826029306
-0.183219161598774
0.211909438683992
-0.921502029948936
0.92432529417441
-0.654020988866032
-1.39989458691013
2.16829436188246
1.38308054645886
-1.30420994975518
-0.896122449580311
-0.577576743177721
-0.117952332327981
2.218018671098
0.305965772666517
0.0888484557675325
-0.0788280477203825
0.639118218235953
-1.39261959426599
0.139302683157675
-0.283921822306279
-0.307030619675275
-1.27104885481384
0.0631263456470186
0.603279361521793
0.997122288891734
0.862286398032496
-0.198433458897211
0.122797893391864
0.0670236796687681
-1.23485715932335
-0.164869831467581
0.976749002709757
0.397806594925612
0.600746802800005
0.337175219781171
1.06012368850136
0.618317338941003
1.53195239687367
1.13124602364606
-1.17145292139341
0.253959124978447
-3.24596137067647
-0.562590157094028
1.04473504976096
0.695930505889305
1.26077067526311
-1.35045991138598
-0.212766407139682
0.0661647077182066
-1.16202643804346
-0.518966047114207
1.0132558519627
-1.18332980426995
-1.01907844628826
0.361129793444599
0.212300518929947
-0.661738264295122
0.330640502846531
-0.0224322560647811
-0.199318551715976
-0.0649259925644953
-0.333555853393847
-0.90112607962695
-0.0405466027874267
-0.7170867174769
0.598126701356947
0.603894774461335
1.03991412413422
0.975442649670628
0.91349882902262
-1.23813737243113
1.20446174565904
0.302908859417982
-0.148833071653764
-1.13598531006173
-1.43697299352627
-0.389094686398839
0.0266190062446108
-0.056161320758642
0.422027882676867
1.51967221256155
-0.840191051514579
0.452467213477617
-0.474429841871308
-1.26279285782683
-1.38580058717551
0.981769838609842
-0.40419373254565
0.984423775869741
-1.13091887619413
-0.984334387236242
-0.4235102176432
0.752600312127178
-2.19040592952628
0.662940491721805
-0.205970890924682
-1.74612508730065
1.28304039524981
-0.157511275334282
-0.369463787701615
-0.219713677957467
0.669842188607988
0.101457261262003
1.45468172303616
0.996474906791314
1.92038234910383
-0.0233600298062253
-0.269119017558126
-0.734435166153352
-1.65441589023037
-0.929228587513336
1.24379646459659
-1.06646343983083
0.707291440021372
2.30055356438165
0.328029162877475
0.874788650581986
-0.396986236415167
0.227845624079714
0.099147552394392
1.46988103450626
0.854212976712598
-1.12562863192647
-0.00519387403248073
1.747855044145
-0.842633105204221
1.93285394061531
-1.3962854432551
0.826069437259281
-0.955469914107102
-1.33104841568853
1.82230812186097
-0.819841161239284
0.93411667046982
-1.31369522509058
0.498986134929096
1.03052425408803
0.318303512356544
-1.89447148831585
0.426927421088113
-1.50981837762228
-0.402273362614291
1.24610245742614
0.340328312195712
-1.88951139285158
1.7008566250027
0.606299083806028
-0.625810426865942
-0.254920930453339
-1.44787507682833
-1.04238577096202
-0.0422567309252975
-0.38881588375631
-0.0394665629109612
1.99290279301506
0.52439483180522
-0.219904240006021
1.08962326774695
-0.261531589094105
-0.60287222569958
-0.10136187077378
1.05178736627739
0.825017124656916
1.02809393464476
0.0297066844730723
0.238611073682408
-0.382644684885935
-0.119744090363517
0.0113826821185358
0.752195997546941
0.723464777089015
0.364796603356808
0.740845299690635
0.426681384828284
-1.01001248301713
0.751081159910553
2.68140766939111
-1.84276709056463
0.445157793031977
0.520837993033367
0.695214379492532
-0.206667259021649
-0.282357745970518
-1.28957371849965
-0.116461391908528
0.385444361448395
0.918281716152246
1.00423637753071
0.0809591471482031
2.80491213488835
0.035545528166688
0.443059090381111
-0.319710025035272
-1.8638982275024
-1.34464288763771
-0.847189313176512
0.895650141914974
-0.33964724485598
0.0278587444200447
-0.763528899482892
0.980141590537832
-0.478889617927908
-1.92258767466848
1.59968199954505
1.2171794906184
-0.14069393133664
-0.0967937834737111
0.111440549590809
2.12712439098008
0.430818627049446
1.21179452632276
-0.931894524718071
1.29680522991059
1.68900071347754
-0.618921611672211
1.0775612866361
0.112874652759555
-0.388451135683195
-1.46134175956038
-2.9222188708946
0.368226410405995
-0.114438784825967
1.38035411681587
0.217332166577733
1.25198103678597
-0.148165452374405
-0.76391908632212
-0.152889648134435
0.1320996326093
0.491649711124451
-0.960244098178213
0.681921343269858
-0.66154322581276
0.43524921293874
-0.440890391217453
-1.20669533176885
0.882038851099622
0.626802553740201
0.0257676050153438
1.2082937669055
-0.719228223361357
0.180990390915593
0.0700681619613093
-0.0785137062384494
0.363100250549466
1.95576802181862
0.0509587716604702
-0.493986780333753
-0.0110574708841451
0.251436193217867
-0.389148851605127
-1.04192015052811
0.39413936979515
-0.196324186005834
1.15404596735921
-0.86968260436455
-1.78421881257813
-0.308011095322085
1.50227678381517
-0.0570706471600527
0.491625962703642
0.971862839946795
0.435225459008002
0.268843321823715
-0.295728003416604
-0.803180840105791
0.674534740606013
2.18719526843288
0.0613121867651236
-0.735649412491182
0.199055068464861
-0.358697552697493
0.509223491396162
0.508171471251264
0.261447475644794
-1.39798244565896
-3.46227916069791
-1.2957545097571
0.577288529922696
0.278798024417219
-0.377300571370347
-1.19391038003956
-1.0893133722881
-0.109682769685263
-0.758325616366916
1.12116039221961
-0.580818202798434
0.285144301142853
-1.04418761536461
-1.42021002597358
-0.493046964278413
0.263714856828112
0.624433967020716
0.567791227483689
-1.88042916327452
0.0371956130903506
1.24256329925967
0.967018668157635
0.97849456384105
-0.347614133137197
0.322536112989785
-0.275733821757189
-2.1881938609346
0.459850465818989
-0.907883273852697
0.165413121582694
-1.97701292040869
-0.0525265149061402
0.675793897844277
0.00945782147601918
1.81962047253547
1.25381702165754
-0.317490049197528
0.565751000542284
-2.02348592062961
-0.123180453490107
-0.172154947020947
1.4196775305431
-1.06583595240536
-1.77855147547734
-1.14655495046148
1.68450655275836
0.954933967799343
0.0602742226021359
0.290901894952419
-0.124139944448788
-0.546087166362008
0.377781070835532
-1.38199222659923
0.163427781557105
0.168481100907707
-0.961094847221809
-0.25111778376604
1.40585533840247
0.0536391056596714
0.860569997920192
0.372957821279132
0.721204950148173
-0.364954824255507
-0.21210138353812
0.462301415249516
0.223346768481652
0.175509697047013
-1.28816083108231
-0.24668310716151
0.332832621306122
-1.52909866739386
1.03593813959014
-0.3313934579606
-1.04946332629774
1.51414797798016
-0.469211251235954
0.0019910129083112
-0.638043394763021
-0.776900927386493
-0.998373185669002
-1.04401834844553
-0.37411871070897
0.125508037028714
-0.569478639590909
0.110493902953206
-1.79085096095074
0.0518602536293659
0.858020870620288
0.190960335905276
1.37653718696996
0.764777302746039
-0.50327467985842
-0.19350609877009
-1.11796912199697
-0.44960630744249
-1.04865280336959
-1.66165106572996
-0.437225118533182
-0.317363589556587
0.309916965957708
0.915023663299677
-0.160062712110677
0.72272120152886
-0.370621387260773
0.222505354847712
0.144304822726986
-0.0542520073520242
0.773455129945354
-1.49031360991158
-2.20800558330799
1.19369040492555
0.77572035998366
-0.789601222086961
0.415979428840632
-1.18570601281018
1.61043246486234
-0.19553655968127
-1.77426552822823
-1.04824075803525
-0.0677068739660382
-1.05169004183414
0.162749065897643
-0.118004214477038
-0.664887670366629
-0.710812815127668
0.0200637105240875
-0.957900387800527
0.748166028077995
-0.184252674535052
0.607447581710728
-1.7762359425843
0.310173573152528
0.0703364052203075
0.833063452750795
1.03997317011661
-2.31125454078696
0.649274891509727
0.162543101627104
0.365564059153012
0.125148008692174
-0.350564148728906
0.249990934612939
1.27544571104785
0.259639646580169
-0.914711397549965
-1.16485126701084
0.57862074759396
-2.85646434495364
-0.402127328530561
-0.496656442161014
1.33552394445314
-1.49074736608253
-1.13352930516449
1.32062205983793
0.362700615986973
-0.293013979543361
1.07466384291446
1.51248884331844
-0.960642907452208
-1.9888761550215
-0.555022098502465
0.417280642631661
-0.885011177845223
-2.74221058765031
0.50678457631758
-0.463206165166628
-0.856486809236849
0.925554005704726
-0.219102735545869
-1.00223996868428
-0.980624172255392
0.632397948945648
-2.31186995884127
0.37962692529293
0.581323486075006
0.847976672957982
-0.517036751048732
0.0839542471230421
0.271930961480125
-1.2570886998943
-0.336940728790229
-0.146458741005518
-1.67808585781563
1.09185448903194
-1.93378104555367
2.01913938321095
0.180462235159727
-1.47075415413289
-0.338902586434339
-0.112384774405106
1.96636786295143
1.10342610218812
0.785507923951162
-1.06941771402306
-1.29942623618426
1.89533560098842
-1.2777458436911
-0.214157403575964
0.169296031856949
-1.84224363072525
-1.87797095442104
-2.57006193180772
1.103644823319
0.41380408455413
-0.0506139375876067
-0.273637674330906
0.412962202195689
0.257278732006396
-2.02739231931414
0.32922423987126
-0.427991861908943
1.68004317903459
-1.32304786019357
-0.310141785210552
0.472502899221314
-0.908907754313426
0.564329706186182
-0.381545640294796
2.10184934160962
1.98426384398818
-0.530960069222867
0.992080028644198
0.507906967735178
-0.595467295411469
-0.708043402391533
-0.149229884525526
-1.36114211920699
1.84818488443224
-0.675939698524471
0.308115262429129
1.68816210625897
0.59841158337283
-0.93059853361888
-0.0493286673609606
0.718294176704525
0.184815847012487
-0.809386410566758
-1.61486472472612
0.693099015914039
0.368310623806477
0.480263601357424
0.0133796014462183
-0.0844593513965908
0.0460212395599003
-0.309528684316838
1.66517537570679
0.78667280355745
-0.955193960683119
1.39363989766407
0.594412427936624
1.31148194756193
0.149333004071919
0.0861864941467313
1.01084606864775
-1.25542680448263
1.38248616504482
0.655098888019681
2.24596267253474
0.33291207721954
-0.281657593523781
1.12388768403397
2.12995582123935
0.564421653871261
0.0885338202487325
0.839897904650222
0.0670384091243002
-1.50869614716781
0.563311499950667
0.699827196230369
1.11350469974639
-0.26201058821044
-0.249531398460294
0.325322213429719
2.16556009606111
-2.38352331840088
-1.20075653805934
-0.723749173821234
0.528854184144086
-0.0500393890040299
-1.38782804460621
1.68553188796859
0.0536836989142169
-1.39788906391785
-0.406683211236266
-0.439888189701219
0.585550723743699
0.229852573218196
0.377351939269701
-0.37025463684192
-0.435446528340814
-0.727141504556155
1.13618077188845
-1.08903899444154
-0.14450495166302
-2.23393396973354
0.40100350587995
1.03583059260078
-1.04529957797399
2.73562477374808
0.167401515122843
0.176607665472407
-1.73301641473699
-0.137311102380107
-1.02675466369794
-0.0875191027017564
-1.52675196425661
0.305787182573785
-0.236806300040358
-1.23643017207089
-1.08825567230205
0.393139831342624
-0.667143661589914
-2.38016331420994
1.85151956426744
-0.113678524157544
0.029815315929044
0.756653650466253
-0.40594523377755
-0.158476822719908
0.188025706909772
-0.25030548388622
0.0449328107422542
0.382769314878053
-0.859697968433825
1.33228858496875
0.513773746066412
1.37375006273033
-0.757575217355977
0.677909035029239
-0.0234648858173128
-0.385350550453169
-1.307902627787
1.74045642784315
1.15610067383469
-1.31535408763856
-0.558266308547611
0.0861859715869554
0.717963434577507
0.344383801419128
-1.10300720509152
-0.215445421105854
1.60165745709287
-1.29528618118824
-0.00573605890883868
-0.574448872641288
-0.405310848103326
-0.712334130774246
-0.440265672795005
0.384580731325002
0.135734711533919
-0.628097650114127
-1.18102047535361
-0.740765838592994
1.12407776161904
0.21967051267327
-0.0872053998908137
1.83015074231508
0.444464233831278
0.745570376688703
-0.886693671959032
-1.50229297490061
-0.18921733790161
-0.18085414078972
1.01780065362798
-0.320931184003691
1.75139192407515
-0.714841330913147
1.81048930635701
0.150355786263406
-0.671241264681165
-1.36942661755582
1.71660774176808
-0.738000100491782
-2.45327879788143
-0.276312776322848
0.522416108758405
0.233841684447904
0.232339872874186
1.21681778276201
0.271147453603708
-0.513921316353897
0.101119575602964
1.67962634580719
0.501650543347264
-0.806059086263429
-0.236683449420009
-0.230027684124678
-0.0510743972994336
-0.11403349998723
-0.0484547316748803
-0.113807843853513
0.490425935188266
-0.561162327595311
-1.30232961803051
-0.479415614810157
0.131878891274834
0.298454511696741
0.4184780110695
0.0778112623207298
0.92827309137997
-1.95405116030233
0.441480555902689
-1.45105917013504
-0.283557514732789
0.368543251194746
0.112257292951526
1.66704495826753
0.401316197292929
0.585852640689608
-1.37781372973459
0.492131822993968
0.253993032261761
0.126409345639204
0.595736091289393
-0.277399503205983
1.03474774111469
1.03019034111194
2.86620028628101
-0.862505192193618
-0.925578790601608
-0.534231282633046
-0.881205495386361
-0.221586023388763
0.190124298556389
-1.42413789847081
0.36040777731446
0.875099711316964
-0.602279324917559
1.26808946043319
-0.434418827044199
0.88694051356878
1.50875020700826
-0.370491755489762
-0.229780627566313
-0.824600669815437
-0.856911248712122
0.397683942436991
-0.0382348031872235
0.696705390665253
0.0530843482649331
1.7560267550818
0.327214304455188
-1.38362671823863
1.67607901215284
1.24302623084579
-0.539303215140405
1.89876684642784
-1.24067460510056
-0.148929316106355
-1.06643504193452
-0.325086712362305
1.97502561186471
-0.45999789396118
-0.353260473311627
-1.91988178519142
0.0488831136106883
1.71889002578021
-0.209482606355934
-0.558359828771825
-1.68670036069565
0.884997796744598
0.974200030195065
-0.171737568281864
1.91146993744838
0.941584217435529
0.938146388339244
0.411695748812309
0.181653461615533
1.0635880239906
1.24081607439302
-0.443072268767478
0.667297166323
-0.0436088025712439
-0.0607779264948204
0.496961224263648
1.25618296521427
-0.698865975111295
0.926293934277011
0.938042418415899
-0.950054118871569
-0.603043675233916
-0.630511019378051
0.210651854857539
0.576777230994008
0.203767151904215
-1.40516776071449
0.770270855414847
-0.981410689811103
0.774326710836948
-0.157729711210836
-0.209246808649205
1.62690685026403
0.570591660396953
-0.639936540898523
0.186445805895931
1.06270057228772
0.554340120437154
-1.19685910171976
0.430057106783155
1.11867638319985
2.08857624940364
-0.812864669074146
-0.660179479385297
-0.535863974510177
-1.70108779255892
0.632750219706286
-1.25810642317779
-0.277279597546988
0.251449229098392
-0.560416048274424
-0.275549876754656
0.108566085874425
-0.250121666442439
-1.31494446972036
-0.211753751714329
-0.682594871173219
1.19311435487136
0.582858363984742
1.26834843442901
1.22458471339026
-0.883181184344198
-0.51436147406046
1.22049850037637
-0.637282092511947
-0.905511136057711
-0.774738228894103
0.00847589299485401
0.753744690093202
-1.02753731809061
-0.107902355959275
-1.38196802434007
-0.786024778558223
1.24007621980837
0.361516268299192
0.688216953317419
-0.408313692610014
0.611336302778998
2.39522544791991
-1.78656221552526
1.20219208920703
-0.0640183036447242
-0.156865046892785
0.680426066065632
-2.31026697225797
-0.532282744630762
-0.178787319621426
0.0978620133366389
-0.355377829242716
-1.60403971025014
0.24714251115266
0.703444500679103
-0.537335907642787
1.12412950444113
0.688647633092419
-0.267223073661782
0.586502367664144
0.311880351583635
0.546111367082871
-1.01908157644828
-0.0870610437842635
-0.179409030610388
-0.796511225119123
-2.42123619172097
-0.977715375658675
-0.609805474080371
0.554224802613374
-0.17900964900365
-1.42981597725479
0.443938377925549
1.27025005943239
-0.92700592469352
0.855957245147575
-0.599491275249069
-0.76066884012924
-0.310277421264909
-0.0849066890566446
-0.231477102335871
2.1536389330807
-0.821975563345395
-0.444883362789736
-0.951426766795837
-0.639908116285359
-1.12582308440318
-0.671242738056821
-0.426847885540256
0.807969259492449
-0.567505373922964
-0.325411013713754
-0.368123925191541
0.440593194108427
0.0427743032828171
-1.7918899330679
0.42915474261462
1.05031626986727
0.848999503741143
1.02094482871213
-1.9820013403796
0.37889992117071
-0.118396706618817
0.592442082704416
-0.271972465456775
-1.49465378903076
-2.03499887701377
0.0596888086969109
1.54596518683189
0.950890808439937
-0.00114130299838834
-0.273285474672869
-0.261470045895904
-0.751435193154288
0.757355674888494
-0.728124473513813
-0.224455630130183
-0.192781263237284
0.87462566736281
-0.305627774744236
1.24569655686199
0.577337092238643
0.8128309904009
0.778840859661265
0.631509409509289
-0.529600292916483
0.225951108493888
-0.295224975668147
1.35149711389203
0.909963290698856
0.898390175292995
-0.990656973545603
-0.248576741132996
-1.14306811090353
-0.705478631332468
2.20507747162992
0.694480467525211
-0.130600944932412
-1.70737019412101
-1.86698600239602
-0.709376134874352
-1.22792691395829
-1.97617755435575
-0.220394010514559
2.73627754080017
0.597433951725816
-1.05277887787817
1.11821823794507
-0.385733296692531
0.614588616475481
-0.374798494942277
-0.630930162952815
0.138837678425353
-1.47509423535236
0.837195821331595
-0.836258039425052
0.616043352632044
2.1844286204177
0.96873822409741
-0.16758788048482
1.4268724123897
2.0269133024898
0.72248245302419
-0.993281555148773
-0.114717278834849
0.219030140327579
-0.592028268386338
0.00210796399307492
-0.120396003573206
0.5323756136637
0.556040186741601
-0.278833846909297
-0.990259295026016
-0.913051651288884
1.0470178533377
-2.48007452851241
-1.05462144897888
0.645379654483269
0.0478985806565876
1.11017533102639
-1.71398935128319
-0.985337121408456
-1.80233303765078
-0.263612167722118
-1.17885843494554
0.288077047234816
2.39615133924951
0.112744666010744
-1.59864291300206
0.703771369307894
-1.09915299757194
0.404814098769156
-1.21731648418565
-0.00547776859445148
0.171237597124642
-0.336263153455958
0.495266032441014
-0.444212478298866
1.27999548353899
0.356837091672093
1.89450140018491
-0.967203550146744
0.529546689679654
-0.30851674877425
-0.785665817654246
0.884798224609605
0.111788938303479
0.700469677537543
0.291201764980372
0.336015713683187
0.643008037116429
-1.03178306304707
0.0191975584273962
0.691948080169389
0.104476742389713
-1.29009308233237
-1.64345063214727
0.23973018907164
1.07929461918401
1.27311422352034
-0.853061424615674
0.103563902855067
-1.30583165593376
1.00364897649643
2.10167686788977
-0.972962980220107
-1.26708705777333
0.865338153653406
0.284224904209182
1.61189064160799
-0.263609319882367
-0.870773062621192
-0.0881145618764547
-0.614791152903829
-0.710376153670026
-0.539602102708303
0.785846461044709
0.378375374005171
-0.354594832344594
1.10862711748631
-1.16912529855177
0.92176425038022
2.41739722772785
-0.326900940956417
-0.209216212438486
-0.244687923845669
0.163056682107032
1.15170061555568
-1.81652492606283
-1.28291326297206
0.953773059567375
0.56367242513786
-1.22404407943289
2.18859750363991
0.0611458038200714
-0.0688966859636109
-0.0197698342686388
-0.958649231492741
1.54142422903373
1.96493698116534
0.42013118444324
0.501070878941461
-0.900102853059785
0.118214391569058
0.718779059842727
0.743579870457018
-0.0913858828199201
-0.574611801963478
0.117272357528735
-0.554214965322992
-0.503668124406483
-1.36619713169769
-1.10777995853374
0.10115677418043
0.770068140899707
-0.0436482735201169
-0.642431696642845
1.84204100697903
0.690152650942164
1.30061546479031
0.0875035013225935
0.842108255935576
0.316750652079606
0.746629003321969
-0.773865194407538
0.244347310907457
-1.62062564079572
1.58652957226444
1.24118314697584
1.04343101106616
0.342248758155077
1.13867070167178
1.2046159344214
1.81459103286264
0.762052104467464
-0.228786674836467
0.621730563902443
-0.182025974508138
