-1.88096176202633
3.29178097856553
-2.30011588552431
2.09971710031558
2.73860459252071
0.30897761322166
-3.3808685218897
-4.07055217204286
3.07473089988368
2.05637281627068
-0.233628168733379
1.02408618165411
2.65750294864508
1.59705586722192
0.478064030903921
-2.52327384616887
0.136772845586852
0.849628498891115
2.04877702852654
-4.86462102092585
-2.90509572114947
-1.60908976729379
0.890565514046256
1.38548980593759
1.79188495054268
0.308419876439235
0.390843914362764
2.61419431168776
-1.16046699124491
2.03881076712589
0.486433441766357
4.09285386222733
2.61457746474979
2.44556581435691
1.76502162253623
2.22078903133035
1.72236578240365
3.29532108352675
0.276871547828537
2.62604282343627
1.27668230875521
3.97062182612956
-0.69235079678004
-0.853207707122409
-1.16994345509335
2.73838707809394
1.93144581799467
0.0400137972506995
-0.267018183917075
4.2624056462713
0.374069675078291
0.151355926401587
1.04176380560053
0.455122040165785
4.17520187626659
1.00679919485298
4.17255182443846
4.70177778111331
-2.09380531897471
0.78602283866715
1.47307748417376
7.63297166299541
-0.473369701882575
-2.69534031805641
-2.53694985790486
1.63466127226179
4.99984534088435
1.68387018814577
0.325140292262043
0.405597199088213
-4.86340558137132
0.605777159968095
6.30471945829154
-3.94809554258274
-0.140493444828569
0.173691438891742
0.502208184944924
3.7406410884739
-2.21701898076244
0.474734397828094
0.606460463430224
-2.18272974190794
-2.90889842420288
2.17526026714953
-0.282131184287135
1.90207925168416
-1.16596865171439
0.0501315288492927
1.95090748242527
-2.90568859668216
-0.266396060825074
-0.647838584408767
-2.64126707885309
0.606087595877712
-0.964071889012436
0.724579346534894
-3.21598824926718
-1.24929402910242
2.25828087200221
-0.971295350967272
-0.75382389843248
0.460691671159839
1.73862189185518
-1.05807684653596
1.17178414448566
0.591963915827151
2.91318486131012
1.14777254023724
-2.29112435595088
-1.38855486103611
0.255907697096209
-0.85804437711595
-2.54842095197867
-2.7894139189146
-0.140510444831472
3.05782267594021
5.96436123303252
-3.71084716730642
-1.75581860279546
5.314910186141
1.79476700322614
-1.9965176496896
-0.984539467052465
-3.04086265832341
0.102333996074863
0.414667794251963
0.570794113964511
-1.78309010781257
3.63422192149862
-2.80728816358231
2.43186054110683
-1.32983871667175
-0.877598951506568
2.67122243447204
0.84641953998099
1.46049440248782
2.69693943091193
1.94509767839385
-1.74832413307948
5.33796965682161
0.697278116757582
0.115785393793486
0.663291103784452
-0.632239245966983
-1.11439572024169
1.25571929491838
1.13744320209602
-2.53191749667511
2.89104894233549
-0.774370521335918
-2.05027400139558
-2.74710959332611
3.73859459138895
-1.91284160694803
1.2497087201681
-2.1663779994822
0.153667717645763
0.879100660375368
0.303962856369421
0.76439420320472
-3.80602919905805
0.0102602886871
-0.269621007723973
4.13937251287909
-0.508605801672455
0.181109954864031
2.60882400076917
0.981883519955334
-2.32245269689587
-1.50431421573707
-0.814984495230638
-1.61000345421584
-1.61456254196644
-2.47195611176547
0.639170211942098
2.72297658617551
-0.263406032623336
2.25225453841799
1.79470697350049
-2.56480958963374
0.474307359034969
-0.745813261047339
-0.756734247453045
2.93876959769905
0.558840994137166
-1.95740499199083
-1.39886687167786
0.92944779604221
1.28464379774372
2.96668917410964
0.459348141291329
1.40720267487462
0.918036247398205
-3.52166433660167
0.87787946991597
1.38950177717933
5.35981689436165
1.10240004354778
1.81294213679752
-2.25674025688758
-1.75059216964684
2.79243228070643
-3.03138577134307
-0.414961048545763
2.14662639797639
-0.814450052943978
-2.97917037399508
-6.072714427707
6.24290527189579
0.962552952133573
2.12504511279449
-1.57148330317806
0.883522311213291
2.24999272586077
-1.72287990497401
0.455449534178858
4.97245728659228
-0.834739408068525
-1.72093500935434
0.086461394163484
1.26202011621421
-3.97291091420007
1.40810520699716
0.921558405384705
2.74176050434745
3.96267645181534
0.0818049459852073
1.8388721784292
1.05101589274666
4.19768249152357
2.59214185485312
2.47000692020075
1.88339154728059
5.02019576779803
0.244526821207036
1.87075653102056
-0.893745205312653
3.35236107744891
-0.291687947040661
0.590141996540863
1.29992494604322
0.626297872338844
-4.21733666057797
2.03104529033858
-0.0888787073756313
2.51443582865446
-1.14338466950428
-1.62399061336347
-2.01969810429787
-3.18432729248617
-0.999322719002971
4.67115512426471
-0.796775185233244
-1.50182295351713
5.00534181212832
-1.08834749382523
2.32492421743746
4.74120034755839
0.6538460352621
3.43345721320256
1.38822764977425
4.2924754076166
3.52549574043039
-0.372614529260782
-0.389927206483027
3.07171028686329
2.54457282965598
4.87477247828883
-1.26932555012514
-0.104154828251483
-2.59837035713748
-3.14258088485391
1.87579580393576
-1.68848638155387
0.841321572205676
-0.0163005817444009
0.225048191795758
1.67844848339945
-1.41818957009208
3.35009037147813
-0.646825476828085
-2.72587483138535
-1.12772907879671
-0.633273501907546
1.01442425494165
1.86972096141568
1.48147503276878
1.29919304842746
-0.129431132682634
4.80124797585177
-3.06022333260423
0.74823403310992
1.26209437879364
2.8207356252596
-1.72168316332294
-0.641009258012738
-2.87607140304976
-0.844712309733123
-4.00996212111824
-1.76066085299694
-0.582640673780002
-0.276557476425365
2.57899622320289
0.190978066532267
-0.646361654087961
0.570486594940794
2.30307530822122
2.77986341722725
-1.38949764676161
-1.91620428097752
2.28481086054295
-0.471905223934464
-0.834454926252745
-0.891051439086327
-0.940302076446063
2.55411993290339
4.628216129319
-5.89750678016168
-4.48572653755837
4.34608905437574
1.47790315669735
-0.663217622606233
-1.71648494199005
-2.2845491327154
1.68702194914285
1.08866089822918
2.16344104107949
-0.312974125638137
2.31917518666638
-0.336080294665982
-0.742391104558457
-0.475723133444074
-5.76684632665622
-1.75540044051408
2.57502095365943
1.42102479875842
-0.663315543409199
3.1799397488535
1.63838185458537
3.1844012599112
0.435545910328955
-0.319752858810982
5.19811878457082
0.761908863680499
-0.153895088876713
-1.52790375767503
-2.9003961415478
1.17829259400514
1.41587339573894
-2.12615502849264
0.00870960015575695
-2.88675296580879
0.718254660111557
-1.75095571239038
1.6654573562027
-0.402937825214065
-0.411835080641192
-1.77717199403937
-0.852340102438711
0.913972654741895
0.761859216552464
-3.56846096800575
2.98936289824468
-0.273775741435204
1.81094363907319
0.73146292487655
0.458770294338018
0.260816800748554
0.370486323878251
-0.246703093574508
-1.39020927591944
-0.323645367216099
-0.652268196046301
0.1373608423349
-0.0216664104029773
-2.03197670780821
-2.46587741886042
1.41682953910331
0.0425182404626277
-5.53755654483628
1.49858250381205
-2.81669846503467
1.14258055061125
0.796583945961409
2.40466615406829
-3.9848207250582
-3.60956939410055
2.69731430856541
1.14035379316166
2.60346526636277
-4.6210585473242
0.989874579117438
1.54494746775137
-4.68354496962839
-2.62533873657409
-3.37329669901934
2.61490102230549
-1.25910446342923
-1.28336995246707
-2.80686656644502
-1.54216945763162
0.41492276318709
-2.71291292710091
2.18532534464618
0.544948342507036
1.37344648379852
-3.38870055309545
-5.50422008322502
5.22785381445288
1.539864399992
2.50827355931508
-0.18518376685086
1.81888983387901
2.60452225196502
1.10715282152923
-0.933234194803375
1.73180694675818
-1.76205088309655
0.30768042416679
-3.38889664722238
-0.598956535419497
-3.09010814430957
3.40655143252267
1.07792671061408
-0.171192261388564
1.56193549022464
0.220529490632186
4.19078436674988
-1.39977796256835
3.82298684011969
2.29676977559351
2.90235780042753
3.14515256823644
4.25400460177121
0.495088570875453
0.182788522626987
-0.258052295404702
1.21203015684426
-0.555349011373199
1.04911973614961
0.587082901623369
1.53886117076697
-3.98207884945362
-0.87596767945444
-1.65948813588071
1.51518446815618
4.44685989097015
-1.93114940819431
-0.591464097363137
-0.75974624635226
-2.85875729610634
3.60331693078496
-0.682840513425374
-0.532251160954162
3.11755209370551
-1.44271774068981
3.09231918824174
1.28070262678839
-2.98229204015409
1.13399813440337
1.66316049905534
2.7258576000383
-0.0991812732857992
0.36048106335014
-1.66549590164901
3.27159457111283
2.31281908296961
4.63828052908238
0.202284583426642
-0.33755047733115
-4.58419994800946
-0.810573560281624
4.10599643731114
-3.47299952995619
2.74878810358595
-0.111449270700759
-1.55937475227677
-0.298086868529261
-1.52897561069197
-1.50169305499923
-2.4523929758291
-1.46350569379989
-0.616009420009272
-0.117247658020097
-2.39536454734011
0.0734679956674859
-0.692071943350447
0.998618785317317
2.53020458298697
0.452762065868207
0.629452207807036
1.49338906113358
-1.52963968266188
3.04100433396365
-1.07694413307723
-0.698080895639087
-0.335778461939659
-2.37380486446699
-1.93533988014262
-3.38563623627722
-0.862726488195493
-0.348343700243255
-0.469609122791931
-1.31537260413691
-0.808936110437035
1.30066765854163
-0.219447006294491
3.74731168731037
-2.30643598480701
-2.49539633105542
-0.00485356926422842
-4.00156841142356
-2.16138492217909
-0.41138259851463
-0.673466405091074
-0.332361311952616
4.15046430450684
-4.73508716941407
-2.2394088707729
3.16896169936879
1.05090756286677
2.29938541185144
-1.93511966546899
-2.97426974146021
-3.0696423247042
0.642990230789909
3.08419873391679
1.50482432707322
-0.884825015380324
-0.717583180038082
1.30283933593447
1.00780963221
1.15134589894914
3.00675491188954
3.65110037338287
0.51479588619964
2.02197239177285
-2.09530390294835
0.101044840134347
3.65564123012463
-1.56790972288104
-1.52437165617252
1.99100581090414
-0.355570739855834
-2.28533882290482
-1.2008294678824
-0.140869733979007
-0.522458929049168
1.27140400555417
-0.932206253338932
-0.626668970887886
-2.18685889906249
2.37777973507416
-2.29882827262408
-1.83438670454494
-1.52259215074954
-1.63240393391342
-3.6798455025306
-2.577796122066
-0.602699274853093
1.20524264565797
0.0274587535413903
2.29530039139236
-0.314202144367684
-1.27184804041862
0.304101034978321
3.87816515940346
3.07612224401076
2.86987330938878
-4.73977531972038
0.982222258727373
-0.45509689659178
-4.8120614958287
-1.18625581652695
-1.65548636786028
1.36488732200577
-2.39009227147586
4.46996100266448
-3.09995881068365
-0.483904560539575
1.95434031672942
-2.34745124606171
-1.55367108564724
2.52051636533952
3.68338784781286
0.304248894230431
-2.89865397886417
3.31883954452379
-2.57933854236578
4.22168912535974
-0.841475429117098
-1.13393486639612
-0.593126402696511
-1.76426389089821
-0.956006144882082
-1.37517253323276
5.89635949035753
4.13212219173584
2.84430654735882
-2.22781564079392
1.54533761275013
1.46713334494322
-0.751899636426385
-0.864629744900806
0.780602365815561
2.59965837345821
-1.672931972893
-1.03111178664616
5.76993128929185
1.34718791511299
-0.23337262557326
1.3264984163211
2.83459296710656
1.92555366060912
-0.721054835952221
0.444451869569846
2.72857180317249
-0.455299764965321
-1.0061209257244
-2.25718170195884
0.388254500313088
0.0112304127544824
0.83272782034905
-0.236244477570223
-0.21820833442726
2.00330354397173
0.100306703007374
2.51153665289392
0.748706120426713
3.40931201725557
0.433803911588797
4.69786400930394
2.68370383340977
0.346511669955903
0.230591397027297
0.890143175297244
-1.0629734603117
-0.041463458567202
1.6782772874703
0.998158317566391
1.16220418024876
1.15844819295027
1.38501586198084
-3.41568443220662
-5.10865001478682
-2.65775206088554
1.42041762610169
3.12646248324922
-3.2536152183078
1.89990235647572
0.542028975126777
3.69666011320276
1.07210295642754
0.761446212756077
0.686870689749875
0.66761276641959
0.948697369292543
0.345230938259338
0.524059930177178
1.45013697894842
0.144106421305608
0.251859445710371
0.393086560199734
-0.682667784954075
2.2906448317649
3.73145596388455
2.74816953134158
2.28591128963132
-1.62983474657577
-2.06984621265062
-3.63155043885736
0.972774828945994
-0.464564089742385
-4.03891398725426
0.482681267988332
0.353655348091802
0.301245556567212
1.1986130857569
-1.67411753012505
-0.718630917614014
0.242210759442893
-2.14150348514331
-1.50644549275074
-0.249383312746596
0.886873345046548
-0.0335773690322602
3.70863639445916
1.11730139355469
2.89531403885152
-0.226275730295704
0.0724972231103446
-1.90374454964611
0.737258662902881
0.838855552506211
-1.36873852694613
-0.995583081450543
-1.08019911106004
0.697081132863635
1.93190500226892
-0.022530676082531
1.25557150719802
-0.0346299489264055
2.8089458270472
0.393864224305781
1.36490833570537
0.964049128395602
0.955288154494731
3.01771818256243
-2.77330931776938
0.536358713547386
0.450275854644492
0.385420966278242
-2.76130453544417
-1.04866885646305
0.879200052717816
-1.29539291568131
3.04410315475752
-2.73593476415493
-3.53041614321797
2.59762889696606
4.16732752209622
0.574402759400301
-2.04973396738927
-1.70473557682235
-1.88838886507243
1.43621757937402
1.319097186778
-0.71998971618131
-0.0495157325743008
-1.73644664681626
1.00607105795019
0.915917140870104
-3.02608383053549
0.61146273263285
-1.34270632550118
0.662405919693148
0.947276535468652
-0.0503419863433646
-3.46298132846402
2.24316031809457
2.04706664156551
-1.05424667041003
2.81735042341359
0.393546545651618
-0.878259816148919
-2.95339452750626
3.26591282679314
-3.10242846424358
2.36496291649803
2.80587742407895
-4.259213388332
-3.08136101408892
2.61838514911649
-0.386505714255008
0.697186405494068
1.4188772588138
0.695485921005756
1.13891103028278
1.35103977276152
-3.45444161740944
0.674753170309938
0.333177409078879
1.46848711612662
1.4143189222713
-0.085021833296278
1.16129789933354
0.666055746154591
1.73276386184896
0.389624925314237
-2.35938067965227
-0.951397319494217
-3.71951253348328
-0.596414822311614
1.08941995069393
0.0173822949804331
-0.603663520253992
-0.860087150245596
-3.11775398380867
1.68840963418304
-0.98312311389701
2.41235258926736
-1.35382361417057
-1.8093987700341
-0.738612448511698
3.95501407298257
-1.2622349418862
-4.06404045233636
0.287349658148
-3.38370891499794
2.76393901073848
1.55814106662366
0.119939795553149
-1.87770932563538
-2.48038057259095
-0.98954145685652
3.48480051862048
2.50223253981945
-0.549336113605093
3.07831983124928
-1.77941284076868
0.775161394794243
1.02854662540882
-3.53483599759407
0.858672395334016
0.29424235905745
2.70138376371835
-0.690525468127442
-0.041007670794649
1.70973959832097
0.21789053970883
0.144760164429404
-1.86865361235219
-0.904336117367487
-1.07156293249098
-0.460888043046755
1.13669576761159
2.97130426573031
-1.4761438703567
1.6501207835109
-1.74600416705803
0.654139638369452
-0.42592116319828
2.02978669998217
1.08919292204482
-2.21414480824431
1.25248638251426
1.71212543163291
-0.103496273290835
0.034592552026482
3.64231062824585
3.19539093956465
4.17663811497028
1.79961703000129
1.73511575661401
-0.596530782190764
0.853117470201152
-1.99828925947099
0.613955520663106
0.3861318967398
-1.10869707644361
-0.916438896475783
-0.559536713850837
1.33227593456229
0.145016197767212
0.519282931312413
1.93147178616735
3.80101923514007
-3.35602793065341
-2.63733992151976
-1.52844440727628
-3.24254923784709
1.41072400247129
-1.3434080663589
1.23870177179491
1.64488386856459
-1.17860240334796
0.417478433984687
1.76052967892376
-1.93159424400456
0.858525700656455
5.44394823268206
-1.01138691686616
-1.17447054472498
-0.408933270286204
-0.313284421657794
1.44249145325149
-1.48009960749605
2.42752356384046
-0.396655926432396
1.71124248460125
-3.00375488998064
1.66724147918565
1.62172751450603
-0.592299704125433
0.136569682541036
-0.48076515868511
0.990523662588365
0.480103263402701
-0.941947039679099
1.12231020574707
-0.464209784768509
3.07720039328632
-1.94693663910029
-2.14079445844571
-1.44674635473114
-0.259803196686902
-4.13812616299024
-2.62507139342574
2.47586418458919
-1.04225058691456
-0.692794283433989
1.9319093798104
-0.989046004194216
0.927584307370311
-1.94279586928438
0.0706674493299289
-0.631489737064944
-1.94015084080007
0.388130490534614
0.808926458597657
-0.282752036883805
-2.57833505025247
-0.518104707359842
-1.82566436806435
-0.98519686414173
-0.282452894311133
-0.111303020715548
5.054579968149
-1.97006586252739
0.493202673076349
1.96985958317391
1.73643045683923
1.56648370309632
1.73577233845209
-0.600632400893513
-0.429960507928662
0.0469571374951268
-3.62366697835059
-0.506259241849016
1.53682272380961
1.97177954508602
2.58785761172555
-2.50219152554318
-0.726305856100894
-0.131820737791965
1.00237531062045
4.91261351099769
1.56570460099714
0.848979131547675
-0.332589868964083
0.905254682300428
2.65785517522377
-4.05854767074594
-1.9810623822728
-1.1253988744554
-0.359620744166618
-0.797406848837024
0.582805764359478
0.0926480699320082
1.39061010903364
0.984996176994212
-1.72721302875769
3.23885294641795
-1.65036611941913
2.64872485599378
0.244048505220931
-1.53635858676226
0.864223573501083
0.161707463023005
-0.392175436242163
-1.40323462070919
-3.21727559481554
-0.0221872024037694
0.470346840713505
1.38251279814394
0.441490156080843
0.415430872052514
-1.25717669688911
2.16708321493399
-0.434833667276186
1.7577702006561
-1.022611311559
1.48659577686936
1.89283806206474
-0.877725206787298
-0.17845543634092
-1.49595010708535
1.24388218421606
1.22233473755233
-3.58625330168432
-0.65296908675235
-4.06581944232231
-0.606977256534485
-3.37649090250558
-0.0725369800732399
1.96531707178599
-2.021796039221
-1.09888618407619
-0.3026484759189
1.51892623094463
-0.680565248172883
-2.36060955029375
-0.83697876292417
1.79330408903417
0.675083947733459
-1.39504559801718
-1.53365708411674
3.49456969337248
-1.76299966958089
2.8543905778602
-0.290236698764549
-0.39580809852083
-0.473732962843071
-1.02302670543505
-0.388004415231289
-1.35402251743804
1.89173707186207
-4.4829802181943
-0.528788235412257
-2.64106552434759
0.307897018550563
0.130536407126846
-1.28287404184437
1.16839800886226
3.16735077616901
-0.829977958714514
-3.94487233327712
-0.915958160308978
1.97374497632712
0.454228894753664
-0.241735454035352
-1.137385263562
0.668626164093393
-0.131209705139943
-0.224728081103579
0.698530105147576
-0.965759833402815
-1.53987282172455
-0.657387898539832
-3.31138903174654
0.478528093817202
-3.14395594612813
0.739444845407247
0.199577802695211
-2.14992336837037
2.59057401205902
0.67324556513116
1.15750766761526
-1.03148381850246
4.11051753842538
0.044668363477645
3.56547181560801
0.596499112362082
2.4270444396122
1.2367016368516
1.55020703571852
-2.73768936376877
1.637811198737
1.11738022743276
1.61624012252631
0.564821493469211
2.88296677580967
0.418223403322673
-0.625700035815556
-0.865514321168574
-0.644690579799571
4.34213658653207
-0.717577905115237
-4.06613764920927
1.22727802831059
-2.36084861783318
0.692005944291561
0.58493682998987
2.45963918380143
1.86264887399595
-0.626089541049166
-0.519258166217789
2.47037349811517
-3.66724087369481
0.57872147104643
3.08503156566698
-0.811356500454866
-1.22708875454732
1.66061165453855
0.677488270242223
2.25600010749267
1.05376354777718
1.62547199500772
-0.0559803880739688
-2.17342585106647
-1.07011083397578
3.64322113000306
2.94257156358291
-2.85302665561875
1.3888981747377
1.17321543713751
2.11058960198727
2.25319157269967
-1.37348562637156
-0.0420082434650612
0.225998627723176
0.58235893729005
0.707510837757247
-3.27192374030116
1.94211239613332
3.60577223005647
-2.62356566454008
-0.557981792317713
1.02256258656051
-2.86784490099373
0.178869042696643
-0.993419461355277
-1.6376673431603
0.631903979135406
-1.13836778626531
1.08278055084566
-3.40804184831083
0.557512460986871
0.167032540756705
-0.514659972420519
-1.26323995998351
-2.16621558654951
-0.395334131779964
0.793717037131934
-0.265971069320825
0.305798755999511
-2.46187371974745
2.57600359918286
0.562641532916391
-1.22628483025011
2.54377727333427
2.20788011377026
1.11858547206778
-0.190675990614652
-0.288070557022922
0.536534964305715
0.0764858225513524
-0.937412353212972
-3.23636657325161
3.3983346867645
4.04494414600451
-0.274906561185986
-1.19049751909584
-1.01881372280997
-0.683827701469945
-0.50260828391884
3.11796832867641
1.60130458306368
2.47515133259874
-0.603471337923434
0.79446755757959
2.99567170742267
-2.9822640036245
1.81788021124581
-1.14374769351181
-1.80802038570326
-1.88977128932872
2.09713713638546
-1.18033889895805
-1.90994068639773
0.467438292816394
-1.47479064788657
3.17296174933774
-0.406785688735775
2.28647734247876
-1.3325738353126
0.156111531582413
-0.571157279439637
0.831729963600716
-1.91394023423841
-1.86891671029037
-3.05062468348678
-0.504008819322237
0.524849328598211
-2.40690946149022
-0.57129230948438
0.406920484906047
-1.19455179639135
1.65230533364526
0.0591549814447102
1.67915408118273
0.497846755757488
2.83237411330157
4.07338360044412
-0.332590917458406
3.52208646898317
0.830048418600553
2.17300072081003
1.96402520310335
-5.75801662216071
-1.85626005905915
-2.76682832367115
-2.47521006662049
-1.63369312763058
1.21622189500102
1.90546825045661
-2.44471696326244
-0.434003011503754
-1.34210857248311
0.115528887725805
-0.116340020364516
0.447051799451157
-1.53304138637128
-0.173041206873275
-0.276736573041194
-5.1551602988608
-2.05971703991543
1.96782137413094
-2.28438278183933
2.19811077359954
-2.85522007535564
0.447961279809495
-0.717382363287843
-1.10961950270853
-1.3116641593699
-2.26592932457697
3.61151363972185
0.0607651050668209
1.89095565149586
-2.50518179029168
-0.286152560260503
-0.259399645153285
-3.03498313456663
0.549728213335931
1.22671064409546
1.56518336678269
-0.194957038053402
0.211638710948417
2.10235381573589
1.00613061022998
-0.250295617953858
0.904694426693588
-1.03373798453085
-0.0102696273884116
-1.37186505504876
1.39274694527284
0.940032732309285
-1.05394655580751
0.4501259386454
1.86930624424614
1.27676267991993
-1.41038463149957
0.291597296768753
1.17832261024135
-2.62517971980782
-0.508269569050682
1.08913786476288
2.00394655889832
-3.0304843529309
0.730381246789827
1.55286389281961
0.563502309894743
1.45552330439766
3.26086811479877
0.526911886985591
2.92176831656026
-1.34696797407096
-0.955135404779193
1.29673659667849
-0.691903232387016
-1.50638315493362
3.05702222951419
-2.17261662841953
1.77960951843403
-0.040242973426006
0.640448271406019
2.14218301408493
-0.157177921053378
-1.24996305801789
0.6710963660318
0.627312298389354
0.294898378858312
0.533649460526758
-0.565237437080373
-0.516804255904291
-0.652279117855294
1.68910208480733
1.02756378344533
-2.10938660347749
-1.42412449169754
0.845980220994777
0.337627353718585
-0.955425464355499
-1.35406299587603
1.03456239899363
-0.983991394219965
0.0647931670514853
1.81170537711715
2.30778670721967
-0.516937980277909
-1.69016515451761
0.719517192225089
0.281652037577385
-2.00025952207671
-1.50747011526633
0.426792213268165
-0.156358881740472
0.992868358892142
-0.275207208444415
-0.229539949508861
-0.567681762510406
-0.386173257550023
2.53482490772243
-0.279536546745851
0.675412103630949
1.80326344639221
-1.26814836516381
-0.261835651972828
-0.150504267119222
0.0188255787790711
2.63349810573456
-1.63767928911992
0.516009741892294
-3.15610404657972
-0.0370627326836921
0.426146685595376
-0.0687364208442047
-1.05123937911565
0.380790140063825
1.60235238337886
-2.00914857311007
-1.3148046873204
0.0723191824255485
1.67902458123538
-0.650254447725736
-1.76881362685485
1.75616813283438
2.9364734662036
-2.34764790879593
0.859659745126801
0.528086193272334
-0.0821794661723105
-0.237692909497958
-0.798666110702815
-1.98744944398387
1.26416732015031
-1.4874511960163
-2.77439457508507
0.641220736986527
1.63017731858362
0.893954896731387
-0.741361343823022
-0.756725681547477
0.409259406653584
-0.98402605180964
0.599911027833909
1.55182438623323
1.03677136170171
0.913930676029141
0.189579468584475
1.20097251553576
1.73032454705388
0.555280702525871
1.38591385599087
0.929364751148762
0.769289114420596
0.11456658939801
1.54736158684565
-0.544542988142783
-0.854458427304205
-0.418978007083869
1.69815167229503
1.31750627488865
-2.56334930228636
0.648751447330451
0.367800083287426
-0.554374263778607
0.130570427022897
0.252516793558999
-1.82827731667392
-0.221300452789551
0.128443016440612
-1.37482324547048
1.30138064889132
0.788352144826492
-1.78362213948743
0.844444690627795
-1.09548897918228
1.25172343520976
-0.525371904780274
1.96623167850682
-1.94894752031308
-0.628841392785654
0.0362074006128071
0.672559605885738
0.692738907480143
-2.86921518763742
1.73119592065255
0.683445798463356
-2.6750659978311
0.198334131757413
-1.77052712779848
-0.439046306206199
-1.28105426987147
-0.527311389875189
-1.55822977020441
-0.43567369745559
0.581617427676353
1.89596087774673
-0.807126489135904
0.417621079972357
0.316040647311051
-1.32658120070585
-0.111452593818566
1.646912855778
-1.51100226451273
-0.147353420592418
1.30107879055088
0.995507680583629
1.07557823491186
-0.786261688169396
0.11593829425865
0.995309368875199
-2.17771494964791
-1.40845180248214
0.502978330641415
1.48480097469716
-2.97032754999196
-0.557511580058501
-1.11312906834816
1.55948260882339
-0.706311931269563
-0.995407929419382
-0.592666122847503
-1.19271782252644
0.599196982528692
0.744034469241292
0.0459206786652993
-1.10639199187741
-1.81455413063145
-0.498378714003214
-1.06925858808714
0.988829183225624
-0.20135518847203
-0.868555796594514
-1.33814665108399
0.636096739697719
-0.126235930425276
0.727452962437467
1.09000910972605
-0.476927732450503
-1.92463964006441
0.314706368488432
1.15990665463479
1.14463128776831
-1.24473326676132
-0.448218615287311
-1.4777197768594
-0.0165529182522555
0.538175050685373
1.51477936021583
1.89138287078966
1.81172609388455
-0.03573619095418
-0.0531796216334631
1.48321645544003
0.1587503971746
1.47569689721856
2.76387280093284
-0.982377697713803
-1.26088614297922
2.25940506009482
-0.573387094256038
0.297245386575883
0.737627557311372
1.62187634991114
-0.482627122167364
-0.65089653718163
-0.426027640024949
2.51867760059531
-1.71020209899219
-0.726574669814033
-0.345229578935428
0.742816530836234
1.84706659426397
-0.395405413869842
1.24466889122125
1.00092189442824
0.752018226277619
-0.425101871614186
0.730469089307848
-0.642399706546023
2.09456335784207
-0.426320565767995
-1.50703002352808
-0.0437998181398107
0.563264361568299
-0.695725968827882
1.40810858947152
0.27679568405409
-1.4284632555379
1.22860075186991
0.643121077150411
0.108618732069922
1.86037028070063
-2.50871775439428
1.36607754717286
1.88533247959931
0.36366089156243
0.583607786394656
0.661606638686344
-0.704062732501218
0.695001288801901
-2.09908767448052
-0.525977464535141
1.07759335018814
-2.61063094485787
-0.538265353645944
0.45652328934835
0.134137411722285
1.69155720814103
0.101938620160488
-0.653793437936691
1.7224331828044
0.595529304505459
-1.39143717113206
-1.34885183577426
-1.47489836638801
-0.701718084077825
0.285588841747074
-1.1948967719393
0.0829553723183216
0.0946522272952619
-1.12119878552401
1.53155339746597
-0.25247449388197
-0.663401326089655
0.80845674642383
0.038017299652328
0.5215744164672
1.37289447601242
-0.588922594444737
0.203213284151743
-0.510054011531707
-0.33941571921159
2.71030378586508
-0.576806301630591
-0.461698436342221
0.298345510073175
-0.133302404828515
-0.351595968716076
-1.09877296101534
0.644636438654637
0.66974835581697
0.241663295543677
0.983253067623958
1.94682012220637
-1.52869680272787
1.84738620976092
-1.77656689827189
1.39703284168348
0.00547332494414726
0.0268065978390607
0.0570587593832592
0.482593744739179
-1.18373843342193
-1.09730607094436
2.10283314096374
0.328821157288386
-0.381987772537833
0.392275526995039
-0.91879583266429
0.468066589972202
-1.72631154186979
0.881964182358779
2.58967706737398
-1.09210878205357
-1.8232958779714
-1.21666134076968
0.00916750326259416
0.77067677203507
1.05724401535003
-0.199688647722253
-0.94071977521231
2.57108158088879
0.336563271387883
0.568205435966775
-1.73407040158445
-0.487594870750915
0.252716729684831
-0.168695992795042
-0.100095084258044
0.343157775083288
-1.82165798242859
-1.57981878295715
0.255663727081767
-0.366781701271518
0.0494694532135971
-0.379447315596789
0.997549671920241
0.838201546289734
-2.10996387828042
-0.244967804484553
-1.44906946039443
0.808055721386979
0.170192649686923
-0.662566989343661
-0.700010835118995
1.17752217158026
-2.13579234154085
1.18698186792802
2.01988585802066
-0.470988317272321
1.43978166714224
-2.12780985448377
0.59489275195213
1.29685668908507
1.10524337540935
0.115035102192349
-0.142149987079843
0.66592442905028
-0.459418879889289
1.15508207348413
0.26977123598925
-0.110791544913715
-1.30103921868918
-0.505915997020718
-0.863776870719984
-1.11802933973818
-0.374653505915341
2.3118781816464
-0.740787385694603
-0.577678817091287
0.234288240228025
1.89151195771047
0.32793252236836
1.03011502894762
-1.70240878830138
0.934854295152288
-0.552069337406036
-0.889787240104089
0.16337840932971
0.709435782805596
-0.797746717276257
0.478012470146326
-0.942317756159215
0.261130521613777
-1.3591217386146
0.742115168108695
1.3208554940063
0.567638311378782
-0.309447506278928
-0.144200204868683
-1.47356560251657
-0.780471867925677
-0.516415618032163
-1.60206592632369
-0.550981649953932
-0.0822861429240533
-1.18757235739433
1.6581361170365
2.71458287510428
-0.542792664330252
2.39327992624506
2.06516474957775
-0.222685200705096
-0.0865407437984594
-0.236548814865856
0.811572083829541
-0.0493587244063625
3.15958490867992
0.400316844344938
0.94021828119839
1.7940787105359
0.833227911064586
1.40720405946464
1.04008367015701
-3.09618647376759
-0.585893933714348
-0.541931698360757
0.0880351873782925
2.79689086228353
-0.656415304859622
-1.42037980673579
0.939955564937557
-0.0208435040053422
-0.0507941622543243
-1.60896428120851
-1.00479967840166
-0.0127583950287937
-0.0186906800785598
-1.04551857066023
-2.02312687333285
1.85616626304795
1.10314420717833
1.26700321988378
1.20772370095535
0.473926396173135
-0.709014900561936
0.363698104890705
-2.00718579710408
0.143814099160377
0.436550933534763
0.908171053975363
0.189137893085496
-1.50949245661607
-0.507945320121235
0.226224770354809
0.293474701346863
0.308733648566333
1.28965364006498
0.800322614765833
0.255765749123777
-0.725838715743763
0.748271057785154
1.26043804245592
0.745409558272114
-1.75351846299888
2.42589679895787
0.0352612781704119
1.2383178149729
0.709207024880962
-0.998106178772377
-0.0885487343695311
-0.294684046016789
-0.22655834545356
0.413750044981696
0.467126455986827
-0.633666438208461
-1.30738925504996
-1.54456988986257
-0.661957723843938
0.791007780128805
-1.67429102753707
0.33937969315465
0.797106171949672
-0.0534772459525712
1.2527762800124
1.64810199186579
1.14879559017981
0.898036641519625
1.15658751553868
-0.558779962391999
2.30241392776078
1.7331086543285
-0.943344339536438
1.88791802375857
-1.03753548051721
-0.126053376326633
-0.909687722156865
-0.0491871779769762
-0.352562769731669
-0.577389314617738
-0.820640582900563
2.75234202666221
1.29631500510687
1.04337202124099
0.418202312818511
0.3191557310385
-1.54925345509437
-0.544670554649627
-1.22662273707446
0.376490505392412
-1.65178731039403
-0.0659208793129115
0.659426917034656
0.12172858315652
1.04443150910478
-0.331190844456427
-0.982511013939073
0.899871622771639
0.347553830466145
-1.30784273546721
0.851193567911686
0.285318496571104
1.63916522224701
0.811201953483858
0.495087143280108
-0.797119281702558
-1.42122176863625
-2.43959650430606
-0.0493556707174053
-0.892695352957893
1.70345988182963
0.292304684803775
0.721689907243828
0.711010839662596
1.45806829619216
0.784209666519188
-0.288239153606518
1.05456612336588
0.283343859692113
-1.33183877499758
-0.545649148055777
0.779829496161745
1.90292207879481
0.374968501899437
-1.22404229191683
0.189680758429442
0.490958824847824
1.03326504814234
-1.48150399694953
0.473944366397388
0.543002355332917
-0.0892489430694231
0.256182448170822
-2.2100885902403
0.151716667354497
-0.374951317581835
0.151191604536522
0.398015992306276
0.920399278626009
0.705129811809388
1.95619291822086
0.575518493794391
-0.369396697141029
-1.79466678257789
-0.0167689743667695
-0.952113253585767
-0.237038879918404
-1.22547544155022
-1.1141157290606
-0.570458878774724
-0.58597105545029
1.26297448930783
-0.273205093195425
0.507339134732127
0.0378741627286536
-0.846665749915372
-2.25921513643562
1.05244302290988
-0.0157136244851693
0.0366325472272232
-0.483388734452867
2.37987214260379
-1.58511587468609
-1.3172292703572
1.06047308228386
-0.700309043099493
0.379458774436706
-1.01166750382806
-2.1000045892813
-1.83903452564025
-2.19110787391116
0.94873110603005
0.63186618673739
0.453026284267044
0.581726187988686
0.967687082339252
-0.380373746634806
-0.22758877763832
-0.970787434225378
1.42277334951022
-0.337471332107046
-0.808942120330709
1.27171484035223
0.300192035632808
2.18753020510704
-1.92456619295554
1.19033325181816
-0.34731154001787
-1.0373306134286
-1.68973126993674
2.19944657680641
-0.0100123794462424
-0.667780727951441
0.0843302182114624
0.096297970603651
0.874299021414112
-0.227612867977072
-0.397308921801814
-0.360884999104467
-2.14416155705235
1.4941226128674
-1.16261519660612
0.26088321095471
-0.304473130968142
-4.82764475303295
0.869817575585291
-0.014130359163523
0.0529519711302121
-0.13830630072265
0.00121966209097014
1.5253288391646
0.307050800728901
-1.26818417054585
1.37538182816082
1.4752683943412
-0.599900820396924
1.00755729657354
2.38656290974517
0.654322770691538
0.208168140304194
0.387240407240106
1.83791933668615
-1.90440485794905
-1.50321793347894
0.304052639229783
1.4814599599275
1.75801237593557
0.0189694055692656
-2.26451160397784
-1.57616103965039
0.994672851352862
-0.318339548157532
0.129357828760888
-0.105482633667651
1.4427924444354
-1.52289239407291
1.20155552120303
2.4950126655215
0.256497607348181
-0.142647878576278
-0.100756619631193
-0.694435268901948
0.0587205725450547
0.309493307475569
-1.90019187143782
0.704087700170249
-0.262695710717418
1.54776685007781
3.12928496325994
0.930100394973374
0.550655868653812
-0.731989179959828
-0.631728125570218
-0.308408357605399
-1.05775842771153
-0.642113295141387
0.215564162866828
0.209199502129934
-1.45463303963491
-1.90492020253334
0.642279101319752
0.285375585316038
-0.551828308965463
0.638538333327195
1.22758962512783
-0.971665596999209
-0.105170761776369
0.607422897330898
-1.02898716228086
0.93813182021291
0.939683523656229
-1.11022965894707
1.56687400467087
-0.357356571702414
-1.29786129800127
-1.15324957437904
0.461955099446844
0.222821563355601
-0.93470044457142
-0.923016292993719
0.131807084074823
1.58211767575996
-1.03832907955301
0.546527061417306
-1.87964993975132
0.529008578135021
0.79905710743539
0.850270284040994
-0.918999855521377
-2.8602580415821
-0.2111794345272
0.0513094325570783
-0.0608955310195013
-0.035487328307018
0.271634304433302
-0.16096616633546
0.412934890654375
-0.24452713529781
0.569411848245729
-0.151100881258051
-1.20775900711037
1.31332078630093
0.0745536928987363
-1.01372677758351
0.461847903376245
1.41480863192277
-0.981649614158177
1.43692443538151
-0.858846939729823
0.801814379263384
-0.664612915799305
1.61915909387248
-0.5449483276385
0.563128847366674
0.242969047884488
-2.52644212438764
2.00164061639837
1.79611007088322
-0.893452067436335
-0.275282544253505
-2.71343413177406
1.37556158545638
0.821977960286256
0.741431185270435
0.739088060940785
0.973465074699761
0.977706369750828
1.28239890988849
-1.22024410486442
-1.38959852296234
-3.09257438399145
-1.23366415799876
0.0296787216507824
-0.0378002944798155
0.662897773338553
-0.0696885354500908
-2.26812660166585
0.97745694097735
-3.84340250754324
0.0685503297707608
1.59911606203995
0.244593764929771
0.685933356105407
0.459517130268115
-1.17956763016162
0.106090805902682
-0.815005459838667
-1.69801432237349
0.953498957965421
1.42646029880972
-1.28187910115187
0.744257642764688
-1.22003497381268
-1.16289160056262
-1.75657591622492
-0.976092855503068
1.25678842333986
